start
one way
1445.558,1009.094,0.0
1431.883,1010.17,0.0
1418.209,1011.246,0.0
1404.534,1012.322,0.0
end
start
one way
1404.534,1012.322,0.0
1390.86,1013.399,0.0
1377.185,1014.475,0.0
1363.511,1015.551,0.0
end
start
one way
1378.108,1391.54,0.0
1363.287,1389.803,0.0
1348.466,1388.066,0.0
1333.645,1386.33,0.0
1318.824,1384.593,0.0
1304.002,1382.856,0.0
1289.181,1381.119,0.0
1274.36,1379.382,0.0
1259.539,1377.645,0.0
1244.718,1375.908,0.0
1229.897,1374.172,0.0
end
start
one way
1224.873,1166.635,0.0
1220.951,1181.007,0.0
1217.029,1195.378,0.0
1213.108,1209.75,0.0
end
start
one way
1213.108,1209.75,0.0
1216.967,1225.092,0.0
1220.827,1240.434,0.0
1224.686,1255.777,0.0
1228.546,1271.119,0.0
1232.406,1286.461,0.0
1236.265,1301.803,0.0
end
start
one way
1236.265,1301.803,0.0
1234.992,1316.277,0.0
1233.718,1330.75,0.0
1232.444,1345.224,0.0
1231.171,1359.698,0.0
1229.897,1374.172,0.0
end
start
one way
971.686,1304.119,0.0
971.3,1289.388,0.0
970.914,1274.657,0.0
970.528,1259.926,0.0
970.142,1245.195,0.0
969.756,1230.464,0.0
969.37,1215.733,0.0
968.984,1201.002,0.0
968.598,1186.271,0.0
968.212,1171.54,0.0
end
start
one way
968.212,1171.54,0.0
955.265,1164.678,0.0
942.318,1157.817,0.0
929.37,1150.956,0.0
916.423,1144.095,0.0
903.476,1137.234,0.0
890.529,1130.373,0.0
end
start
one way
1404.534,1012.322,0.0
1405.505,1028.501,0.0
1406.475,1044.679,0.0
1407.445,1060.858,0.0
1408.415,1077.036,0.0
1409.385,1093.215,0.0
end
start
one way
1409.385,1093.215,0.0
1400.808,1106.08,0.0
1392.231,1118.946,0.0
end
start
one way
1378.108,1391.54,0.0
1394.954,1392.021,0.0
1411.801,1392.502,0.0
1428.647,1392.983,0.0
end
start
one way
1428.647,1392.983,0.0
1442.715,1393.987,0.0
1456.784,1394.992,0.0
1470.852,1395.997,0.0
1484.921,1397.002,0.0
1498.989,1398.007,0.0
1513.058,1399.012,0.0
1527.126,1400.017,0.0
end
start
one way
1443.85,1247.515,0.0
1456.956,1253.741,0.0
1470.062,1259.966,0.0
1483.168,1266.191,0.0
1496.274,1272.416,0.0
1509.38,1278.641,0.0
1522.486,1284.867,0.0
1535.592,1291.092,0.0
1548.698,1297.317,0.0
end
start
one way
1548.698,1297.317,0.0
1545.616,1311.989,0.0
1542.534,1326.66,0.0
1539.453,1341.331,0.0
1536.371,1356.003,0.0
1533.289,1370.674,0.0
1530.208,1385.345,0.0
1527.126,1400.017,0.0
end
start
one way
1428.647,1392.983,0.0
1430.167,1378.436,0.0
1431.688,1363.889,0.0
1433.208,1349.342,0.0
1434.728,1334.796,0.0
1436.248,1320.249,0.0
1437.769,1305.702,0.0
1439.289,1291.155,0.0
1440.809,1276.609,0.0
1442.33,1262.062,0.0
1443.85,1247.515,0.0
end
start
one way
847.212,1254.908,0.0
852.025,1241.071,0.0
856.838,1227.234,0.0
861.651,1213.396,0.0
866.464,1199.559,0.0
871.277,1185.722,0.0
876.09,1171.885,0.0
880.903,1158.047,0.0
885.716,1144.21,0.0
890.529,1130.373,0.0
end
start
one way
890.529,1130.373,0.0
896.16,1114.183,0.0
901.791,1097.993,0.0
907.423,1081.803,0.0
end
start
one way
935.212,1087.592,0.0
949.651,1091.532,0.0
964.09,1095.472,0.0
978.528,1099.412,0.0
992.967,1103.352,0.0
1007.406,1107.292,0.0
1021.844,1111.232,0.0
1036.283,1115.172,0.0
1050.722,1119.112,0.0
end
start
one way
1063.16,1215.54,0.0
1064.607,1230.448,0.0
1066.055,1245.356,0.0
1067.502,1260.263,0.0
1068.949,1275.171,0.0
1070.397,1290.079,0.0
1071.844,1304.987,0.0
1073.291,1319.895,0.0
1074.739,1334.803,0.0
end
start
one way
1074.739,1334.803,0.0
1060.017,1330.42,0.0
1045.295,1326.036,0.0
1030.573,1321.653,0.0
1015.851,1317.269,0.0
1001.13,1312.886,0.0
986.408,1308.502,0.0
971.686,1304.119,0.0
end
start
one way
971.686,1304.119,0.0
957.856,1298.651,0.0
944.025,1293.183,0.0
930.195,1287.715,0.0
916.364,1282.247,0.0
902.534,1276.78,0.0
888.703,1271.312,0.0
874.873,1265.844,0.0
861.042,1260.376,0.0
847.212,1254.908,0.0
end
start
one way
936.949,958.487,0.0
941.195,944.785,0.0
945.44,931.083,0.0
949.686,917.381,0.0
end
start
one way
949.686,917.381,0.0
949.107,901.364,0.0
948.528,885.346,0.0
947.949,869.328,0.0
end
start
one way
1249.936,1000.357,0.0
1234.234,999.973,0.0
1218.531,999.588,0.0
1202.828,999.203,0.0
1187.126,998.819,0.0
1171.423,998.434,0.0
end
start
one way
1171.423,998.434,0.0
1156.805,996.552,0.0
1142.186,994.671,0.0
1127.568,992.789,0.0
1112.949,990.908,0.0
1098.331,989.026,0.0
1083.712,987.144,0.0
1069.094,985.263,0.0
1054.476,983.381,0.0
end
start
one way
1054.476,983.381,0.0
1039.785,980.269,0.0
1025.094,977.158,0.0
1010.403,974.046,0.0
995.712,970.934,0.0
981.021,967.822,0.0
966.331,964.71,0.0
951.64,961.598,0.0
936.949,958.487,0.0
end
start
one way
936.949,958.487,0.0
933.258,973.901,0.0
929.567,989.316,0.0
925.877,1004.73,0.0
922.186,1020.145,0.0
918.495,1035.559,0.0
914.804,1050.974,0.0
911.113,1066.388,0.0
907.423,1081.803,0.0
end
start
one way
907.423,1081.803,0.0
921.317,1084.697,0.0
935.212,1087.592,0.0
end
start
one way
1276.792,1180.803,0.0
1290.976,1182.684,0.0
1305.16,1184.566,0.0
1319.345,1186.448,0.0
1333.529,1188.329,0.0
1347.713,1190.211,0.0
1361.897,1192.092,0.0
1376.082,1193.974,0.0
1390.266,1195.855,0.0
end
start
one way
1477.108,1175.013,0.0
1490.488,1170.189,0.0
1503.868,1165.364,0.0
1517.249,1160.54,0.0
1530.629,1155.715,0.0
1544.009,1150.89,0.0
1557.389,1146.066,0.0
1570.769,1141.241,0.0
1584.149,1136.417,0.0
1597.529,1131.592,0.0
end
start
one way
1556.094,996.559,0.0
1538.621,1001.687,0.0
1521.148,1006.815,0.0
end
start
one way
1521.148,1006.815,0.0
1506.03,1007.27,0.0
1490.912,1007.726,0.0
1475.794,1008.182,0.0
1460.676,1008.638,0.0
1445.558,1009.094,0.0
end
start
one way
1363.511,1015.551,0.0
1349.314,1013.652,0.0
1335.117,1011.753,0.0
1320.92,1009.853,0.0
1306.724,1007.954,0.0
1292.527,1006.055,0.0
1278.33,1004.156,0.0
1264.133,1002.256,0.0
1249.936,1000.357,0.0
end
start
one way
1492.659,822.208,0.0
1478.056,823.221,0.0
1463.453,824.234,0.0
1448.85,825.247,0.0
1434.247,826.26,0.0
1419.644,827.273,0.0
1405.041,828.286,0.0
1390.438,829.299,0.0
1375.835,830.312,0.0
1361.232,831.325,0.0
end
start
one way
1361.232,831.325,0.0
1361.358,846.519,0.0
1361.485,861.713,0.0
1361.612,876.907,0.0
end
start
one way
1361.612,876.907,0.0
1347.232,877.883,0.0
1332.852,878.86,0.0
1318.472,879.837,0.0
1304.092,880.814,0.0
1289.712,881.79,0.0
1275.332,882.767,0.0
1260.952,883.744,0.0
end
start
one way
1260.952,883.744,0.0
1259.939,869.183,0.0
1258.926,854.622,0.0
1257.913,840.061,0.0
end
start
one way
1249.936,1000.357,0.0
1252.595,985.037,0.0
1255.254,969.716,0.0
1257.913,954.396,0.0
end
start
one way
947.949,869.328,0.0
962.709,867.935,0.0
977.469,866.541,0.0
992.23,865.147,0.0
1006.99,863.754,0.0
1021.75,862.36,0.0
1036.51,860.966,0.0
1051.27,859.573,0.0
1066.031,858.179,0.0
1080.791,856.785,0.0
1095.551,855.392,0.0
1110.311,853.998,0.0
1125.071,852.604,0.0
1139.832,851.211,0.0
1154.592,849.817,0.0
1169.352,848.423,0.0
1184.112,847.03,0.0
1198.872,845.636,0.0
1213.632,844.242,0.0
1228.393,842.849,0.0
1243.153,841.455,0.0
1257.913,840.061,0.0
end
start
one way
1257.913,840.061,0.0
1272.673,838.813,0.0
1287.433,837.565,0.0
1302.192,836.317,0.0
1316.952,835.069,0.0
1331.712,833.821,0.0
1346.472,832.573,0.0
1361.232,831.325,0.0
end
start
one way
1257.913,954.396,0.0
1258.521,940.265,0.0
1259.129,926.135,0.0
1259.736,912.005,0.0
1260.344,897.874,0.0
1260.952,883.744,0.0
end
start
one way
1556.094,996.559,0.0
1550.808,982.03,0.0
1545.521,967.5,0.0
1540.235,952.971,0.0
1534.949,938.442,0.0
1529.663,923.913,0.0
1524.377,909.384,0.0
1519.09,894.854,0.0
1513.804,880.325,0.0
1508.518,865.796,0.0
1503.232,851.267,0.0
1497.945,836.738,0.0
1492.659,822.208,0.0
end
start
one way
1597.529,1131.592,0.0
1592.925,1116.588,0.0
1588.321,1101.585,0.0
1583.718,1086.581,0.0
1579.114,1071.577,0.0
1574.51,1056.574,0.0
1569.906,1041.57,0.0
1565.302,1026.566,0.0
1560.698,1011.562,0.0
1556.094,996.559,0.0
end
start
one way
1390.266,1195.855,0.0
1404.74,1192.382,0.0
1419.213,1188.908,0.0
1433.687,1185.434,0.0
1448.161,1181.961,0.0
1462.634,1178.487,0.0
1477.108,1175.013,0.0
end
start
one way
1392.231,1118.946,0.0
1391.838,1134.328,0.0
1391.445,1149.71,0.0
1391.052,1165.091,0.0
1390.659,1180.473,0.0
1390.266,1195.855,0.0
end
start
one way
1050.722,1119.112,0.0
1052.795,1135.184,0.0
1054.868,1151.255,0.0
1056.941,1167.326,0.0
1059.014,1183.397,0.0
1061.087,1199.468,0.0
1063.16,1215.54,0.0
end
start
one way
1224.873,1166.635,0.0
1237.853,1170.177,0.0
1250.832,1173.719,0.0
1263.812,1177.261,0.0
1276.792,1180.803,0.0
end
start
one way
1597.529,1131.592,0.0
1602.72,1145.662,0.0
1607.911,1159.731,0.0
1613.101,1173.801,0.0
1618.292,1187.87,0.0
1623.483,1201.94,0.0
1628.674,1216.009,0.0
1633.864,1230.079,0.0
end
start
one way
1633.864,1230.079,0.0
1621.698,1239.684,0.0
1609.531,1249.29,0.0
1597.364,1258.895,0.0
1585.198,1268.501,0.0
1573.031,1278.106,0.0
1560.864,1287.712,0.0
1548.698,1297.317,0.0
end
start
one way
1390.266,1195.855,0.0
1389.475,1208.584,0.0
1388.684,1221.312,0.0
end
start
one way
1388.684,1221.312,0.0
1387.723,1236.787,0.0
1386.761,1252.263,0.0
1385.8,1267.738,0.0
1384.838,1283.213,0.0
1383.877,1298.688,0.0
1382.915,1314.164,0.0
1381.954,1329.639,0.0
1380.992,1345.114,0.0
1380.031,1360.59,0.0
1379.069,1376.065,0.0
1378.108,1391.54,0.0
end
start
one way
1388.684,1221.312,0.0
1402.476,1227.863,0.0
1416.267,1234.414,0.0
1430.059,1240.964,0.0
1443.85,1247.515,0.0
end
start
one way
1229.897,1374.172,0.0
1215.792,1370.593,0.0
1201.686,1367.014,0.0
1187.581,1363.435,0.0
1173.476,1359.856,0.0
1159.371,1356.277,0.0
1145.265,1352.698,0.0
1131.16,1349.119,0.0
1117.055,1345.54,0.0
1102.949,1341.961,0.0
1088.844,1338.382,0.0
1074.739,1334.803,0.0
end
start
one way
1050.722,1119.112,0.0
1065.234,1123.073,0.0
1079.747,1127.033,0.0
1094.26,1130.993,0.0
1108.772,1134.953,0.0
1123.285,1138.914,0.0
1137.797,1142.874,0.0
1152.31,1146.834,0.0
1166.822,1150.794,0.0
1181.335,1154.754,0.0
1195.848,1158.715,0.0
1210.36,1162.675,0.0
1224.873,1166.635,0.0
end
start
one way
1404.534,1012.322,0.0
1418.209,1011.246,0.0
1431.883,1010.17,0.0
1445.558,1009.094,0.0
end
start
one way
1363.511,1015.551,0.0
1377.185,1014.475,0.0
1390.86,1013.399,0.0
1404.534,1012.322,0.0
end
start
one way
1229.897,1374.172,0.0
1244.718,1375.908,0.0
1259.539,1377.645,0.0
1274.36,1379.382,0.0
1289.181,1381.119,0.0
1304.002,1382.856,0.0
1318.824,1384.593,0.0
1333.645,1386.33,0.0
1348.466,1388.066,0.0
1363.287,1389.803,0.0
1378.108,1391.54,0.0
end
start
one way
1213.108,1209.75,0.0
1217.029,1195.378,0.0
1220.951,1181.007,0.0
1224.873,1166.635,0.0
end
start
one way
1236.265,1301.803,0.0
1232.406,1286.461,0.0
1228.546,1271.119,0.0
1224.686,1255.777,0.0
1220.827,1240.434,0.0
1216.967,1225.092,0.0
1213.108,1209.75,0.0
end
start
one way
1229.897,1374.172,0.0
1231.171,1359.698,0.0
1232.444,1345.224,0.0
1233.718,1330.75,0.0
1234.992,1316.277,0.0
1236.265,1301.803,0.0
end
start
one way
968.212,1171.54,0.0
968.598,1186.271,0.0
968.984,1201.002,0.0
969.37,1215.733,0.0
969.756,1230.464,0.0
970.142,1245.195,0.0
970.528,1259.926,0.0
970.914,1274.657,0.0
971.3,1289.388,0.0
971.686,1304.119,0.0
end
start
one way
890.529,1130.373,0.0
903.476,1137.234,0.0
916.423,1144.095,0.0
929.37,1150.956,0.0
942.318,1157.817,0.0
955.265,1164.678,0.0
968.212,1171.54,0.0
end
start
one way
1409.385,1093.215,0.0
1408.415,1077.036,0.0
1407.445,1060.858,0.0
1406.475,1044.679,0.0
1405.505,1028.501,0.0
1404.534,1012.322,0.0
end
start
one way
1392.231,1118.946,0.0
1400.808,1106.08,0.0
1409.385,1093.215,0.0
end
start
one way
1428.647,1392.983,0.0
1411.801,1392.502,0.0
1394.954,1392.021,0.0
1378.108,1391.54,0.0
end
start
one way
1527.126,1400.017,0.0
1513.058,1399.012,0.0
1498.989,1398.007,0.0
1484.921,1397.002,0.0
1470.852,1395.997,0.0
1456.784,1394.992,0.0
1442.715,1393.987,0.0
1428.647,1392.983,0.0
end
start
one way
1548.698,1297.317,0.0
1535.592,1291.092,0.0
1522.486,1284.867,0.0
1509.38,1278.641,0.0
1496.274,1272.416,0.0
1483.168,1266.191,0.0
1470.062,1259.966,0.0
1456.956,1253.741,0.0
1443.85,1247.515,0.0
end
start
one way
1527.126,1400.017,0.0
1530.208,1385.345,0.0
1533.289,1370.674,0.0
1536.371,1356.003,0.0
1539.453,1341.331,0.0
1542.534,1326.66,0.0
1545.616,1311.989,0.0
1548.698,1297.317,0.0
end
start
one way
1443.85,1247.515,0.0
1442.33,1262.062,0.0
1440.809,1276.609,0.0
1439.289,1291.155,0.0
1437.769,1305.702,0.0
1436.248,1320.249,0.0
1434.728,1334.796,0.0
1433.208,1349.342,0.0
1431.688,1363.889,0.0
1430.167,1378.436,0.0
1428.647,1392.983,0.0
end
start
one way
890.529,1130.373,0.0
885.716,1144.21,0.0
880.903,1158.047,0.0
876.09,1171.885,0.0
871.277,1185.722,0.0
866.464,1199.559,0.0
861.651,1213.396,0.0
856.838,1227.234,0.0
852.025,1241.071,0.0
847.212,1254.908,0.0
end
start
one way
907.423,1081.803,0.0
901.791,1097.993,0.0
896.16,1114.183,0.0
890.529,1130.373,0.0
end
start
one way
1050.722,1119.112,0.0
1036.283,1115.172,0.0
1021.844,1111.232,0.0
1007.406,1107.292,0.0
992.967,1103.352,0.0
978.528,1099.412,0.0
964.09,1095.472,0.0
949.651,1091.532,0.0
935.212,1087.592,0.0
end
start
one way
1074.739,1334.803,0.0
1073.291,1319.895,0.0
1071.844,1304.987,0.0
1070.397,1290.079,0.0
1068.949,1275.171,0.0
1067.502,1260.263,0.0
1066.055,1245.356,0.0
1064.607,1230.448,0.0
1063.16,1215.54,0.0
end
start
one way
971.686,1304.119,0.0
986.408,1308.502,0.0
1001.13,1312.886,0.0
1015.851,1317.269,0.0
1030.573,1321.653,0.0
1045.295,1326.036,0.0
1060.017,1330.42,0.0
1074.739,1334.803,0.0
end
start
one way
847.212,1254.908,0.0
861.042,1260.376,0.0
874.873,1265.844,0.0
888.703,1271.312,0.0
902.534,1276.78,0.0
916.364,1282.247,0.0
930.195,1287.715,0.0
944.025,1293.183,0.0
957.856,1298.651,0.0
971.686,1304.119,0.0
end
start
one way
949.686,917.381,0.0
945.44,931.083,0.0
941.195,944.785,0.0
936.949,958.487,0.0
end
start
one way
947.949,869.328,0.0
948.528,885.346,0.0
949.107,901.364,0.0
949.686,917.381,0.0
end
start
one way
1171.423,998.434,0.0
1187.126,998.819,0.0
1202.828,999.203,0.0
1218.531,999.588,0.0
1234.234,999.973,0.0
1249.936,1000.357,0.0
end
start
one way
1054.476,983.381,0.0
1069.094,985.263,0.0
1083.712,987.144,0.0
1098.331,989.026,0.0
1112.949,990.908,0.0
1127.568,992.789,0.0
1142.186,994.671,0.0
1156.805,996.552,0.0
1171.423,998.434,0.0
end
start
one way
936.949,958.487,0.0
951.64,961.598,0.0
966.331,964.71,0.0
981.021,967.822,0.0
995.712,970.934,0.0
1010.403,974.046,0.0
1025.094,977.158,0.0
1039.785,980.269,0.0
1054.476,983.381,0.0
end
start
one way
907.423,1081.803,0.0
911.113,1066.388,0.0
914.804,1050.974,0.0
918.495,1035.559,0.0
922.186,1020.145,0.0
925.877,1004.73,0.0
929.567,989.316,0.0
933.258,973.901,0.0
936.949,958.487,0.0
end
start
one way
935.212,1087.592,0.0
921.317,1084.697,0.0
907.423,1081.803,0.0
end
start
one way
1390.266,1195.855,0.0
1376.082,1193.974,0.0
1361.897,1192.092,0.0
1347.713,1190.211,0.0
1333.529,1188.329,0.0
1319.345,1186.448,0.0
1305.16,1184.566,0.0
1290.976,1182.684,0.0
1276.792,1180.803,0.0
end
start
one way
1597.529,1131.592,0.0
1584.149,1136.417,0.0
1570.769,1141.241,0.0
1557.389,1146.066,0.0
1544.009,1150.89,0.0
1530.629,1155.715,0.0
1517.249,1160.54,0.0
1503.868,1165.364,0.0
1490.488,1170.189,0.0
1477.108,1175.013,0.0
end
start
one way
1521.148,1006.815,0.0
1538.621,1001.687,0.0
1556.094,996.559,0.0
end
start
one way
1445.558,1009.094,0.0
1460.676,1008.638,0.0
1475.794,1008.182,0.0
1490.912,1007.726,0.0
1506.03,1007.27,0.0
1521.148,1006.815,0.0
end
start
one way
1249.936,1000.357,0.0
1264.133,1002.256,0.0
1278.33,1004.156,0.0
1292.527,1006.055,0.0
1306.724,1007.954,0.0
1320.92,1009.853,0.0
1335.117,1011.753,0.0
1349.314,1013.652,0.0
1363.511,1015.551,0.0
end
start
one way
1361.232,831.325,0.0
1375.835,830.312,0.0
1390.438,829.299,0.0
1405.041,828.286,0.0
1419.644,827.273,0.0
1434.247,826.26,0.0
1448.85,825.247,0.0
1463.453,824.234,0.0
1478.056,823.221,0.0
1492.659,822.208,0.0
end
start
one way
1361.612,876.907,0.0
1361.485,861.713,0.0
1361.358,846.519,0.0
1361.232,831.325,0.0
end
start
one way
1260.952,883.744,0.0
1275.332,882.767,0.0
1289.712,881.79,0.0
1304.092,880.814,0.0
1318.472,879.837,0.0
1332.852,878.86,0.0
1347.232,877.883,0.0
1361.612,876.907,0.0
end
start
one way
1257.913,840.061,0.0
1258.926,854.622,0.0
1259.939,869.183,0.0
1260.952,883.744,0.0
end
start
one way
1257.913,954.396,0.0
1255.254,969.716,0.0
1252.595,985.037,0.0
1249.936,1000.357,0.0
end
start
one way
1257.913,840.061,0.0
1243.153,841.455,0.0
1228.393,842.849,0.0
1213.632,844.242,0.0
1198.872,845.636,0.0
1184.112,847.03,0.0
1169.352,848.423,0.0
1154.592,849.817,0.0
1139.832,851.211,0.0
1125.071,852.604,0.0
1110.311,853.998,0.0
1095.551,855.392,0.0
1080.791,856.785,0.0
1066.031,858.179,0.0
1051.27,859.573,0.0
1036.51,860.966,0.0
1021.75,862.36,0.0
1006.99,863.754,0.0
992.23,865.147,0.0
977.469,866.541,0.0
962.709,867.935,0.0
947.949,869.328,0.0
end
start
one way
1361.232,831.325,0.0
1346.472,832.573,0.0
1331.712,833.821,0.0
1316.952,835.069,0.0
1302.192,836.317,0.0
1287.433,837.565,0.0
1272.673,838.813,0.0
1257.913,840.061,0.0
end
start
one way
1260.952,883.744,0.0
1260.344,897.874,0.0
1259.736,912.005,0.0
1259.129,926.135,0.0
1258.521,940.265,0.0
1257.913,954.396,0.0
end
start
one way
1492.659,822.208,0.0
1497.945,836.738,0.0
1503.232,851.267,0.0
1508.518,865.796,0.0
1513.804,880.325,0.0
1519.09,894.854,0.0
1524.377,909.384,0.0
1529.663,923.913,0.0
1534.949,938.442,0.0
1540.235,952.971,0.0
1545.521,967.5,0.0
1550.808,982.03,0.0
1556.094,996.559,0.0
end
start
one way
1556.094,996.559,0.0
1560.698,1011.562,0.0
1565.302,1026.566,0.0
1569.906,1041.57,0.0
1574.51,1056.574,0.0
1579.114,1071.577,0.0
1583.718,1086.581,0.0
1588.321,1101.585,0.0
1592.925,1116.588,0.0
1597.529,1131.592,0.0
end
start
one way
1477.108,1175.013,0.0
1462.634,1178.487,0.0
1448.161,1181.961,0.0
1433.687,1185.434,0.0
1419.213,1188.908,0.0
1404.74,1192.382,0.0
1390.266,1195.855,0.0
end
start
one way
1390.266,1195.855,0.0
1390.659,1180.473,0.0
1391.052,1165.091,0.0
1391.445,1149.71,0.0
1391.838,1134.328,0.0
1392.231,1118.946,0.0
end
start
one way
1063.16,1215.54,0.0
1061.087,1199.468,0.0
1059.014,1183.397,0.0
1056.941,1167.326,0.0
1054.868,1151.255,0.0
1052.795,1135.184,0.0
1050.722,1119.112,0.0
end
start
one way
1276.792,1180.803,0.0
1263.812,1177.261,0.0
1250.832,1173.719,0.0
1237.853,1170.177,0.0
1224.873,1166.635,0.0
end
start
one way
1633.864,1230.079,0.0
1628.674,1216.009,0.0
1623.483,1201.94,0.0
1618.292,1187.87,0.0
1613.101,1173.801,0.0
1607.911,1159.731,0.0
1602.72,1145.662,0.0
1597.529,1131.592,0.0
end
start
one way
1548.698,1297.317,0.0
1560.864,1287.712,0.0
1573.031,1278.106,0.0
1585.198,1268.501,0.0
1597.364,1258.895,0.0
1609.531,1249.29,0.0
1621.698,1239.684,0.0
1633.864,1230.079,0.0
end
start
one way
1388.684,1221.312,0.0
1389.475,1208.584,0.0
1390.266,1195.855,0.0
end
start
one way
1378.108,1391.54,0.0
1379.069,1376.065,0.0
1380.031,1360.59,0.0
1380.992,1345.114,0.0
1381.954,1329.639,0.0
1382.915,1314.164,0.0
1383.877,1298.688,0.0
1384.838,1283.213,0.0
1385.8,1267.738,0.0
1386.761,1252.263,0.0
1387.723,1236.787,0.0
1388.684,1221.312,0.0
end
start
one way
1443.85,1247.515,0.0
1430.059,1240.964,0.0
1416.267,1234.414,0.0
1402.476,1227.863,0.0
1388.684,1221.312,0.0
end
start
one way
1074.739,1334.803,0.0
1088.844,1338.382,0.0
1102.949,1341.961,0.0
1117.055,1345.54,0.0
1131.16,1349.119,0.0
1145.265,1352.698,0.0
1159.371,1356.277,0.0
1173.476,1359.856,0.0
1187.581,1363.435,0.0
1201.686,1367.014,0.0
1215.792,1370.593,0.0
1229.897,1374.172,0.0
end
start
one way
1224.873,1166.635,0.0
1210.36,1162.675,0.0
1195.848,1158.715,0.0
1181.335,1154.754,0.0
1166.822,1150.794,0.0
1152.31,1146.834,0.0
1137.797,1142.874,0.0
1123.285,1138.914,0.0
1108.772,1134.953,0.0
1094.26,1130.993,0.0
1079.747,1127.033,0.0
1065.234,1123.073,0.0
1050.722,1119.112,0.0
end
<null>
