Simulation initialized.
Using LogStatus type of DetailedPrint.
>>> Logging PEV information for timestep 0.
ID		Status		X		Y
0		0		1152.31		1146.834
1		0		1628.674		1216.009
2		0		949.686		917.381
3		0		1529.663		923.913
4		0		1259.539		1377.645
5		0		1319.345		1186.448
6		0		1607.911		1159.731
7		0		1218.531		999.588
8		0		918.495		1035.559
9		0		1462.634		1178.487
-1		0		1445.558		1009.094
>>> Logging PEV information for timestep 1.
ID		Status		X		Y
0		0		1166.822		1150.794
1		0		1623.483		1201.94
2		0		945.44		931.083
4		0		1274.36		1379.382
5		0		1305.16		1184.566
6		0		1613.101		1173.801
7		0		1202.828		999.203
8		0		914.804		1050.974
9		0		1448.161		1181.961
-1		0		1445.558		1009.094
>>> Logging PEV information for timestep 2.
ID		Status		X		Y
0		0		1181.335		1154.754
1		0		1618.292		1187.87
2		0		941.195		944.785
4		0		1289.181		1381.119
5		0		1290.976		1182.684
6		0		1618.292		1187.87
7		0		1171.423		998.434
8		0		907.423		1081.803
9		0		1433.687		1185.434
-1		0		1431.883		1010.17
>>> Logging PEV information for timestep 3.
ID		Status		X		Y
0		0		1195.848		1158.715
1		0		1613.101		1173.801
2		0		936.949		958.487
4		0		1304.002		1382.856
5		0		1276.792		1180.803
6		0		1623.483		1201.94
7		0		1171.423		998.434
8		0		907.423		1081.803
9		0		1419.213		1188.908
-1		0		1418.209		1011.246
>>> Logging PEV information for timestep 4.
ID		Status		X		Y
0		0		1224.873		1166.635
1		0		1613.101		1173.801
2		0		936.949		958.487
4		0		1318.824		1384.593
5		0		1276.792		1180.803
6		0		1633.864		1230.079
7		0		1156.805		996.552
8		0		921.317		1084.697
9		0		1404.74		1192.382
-1		0		1404.534		1012.322
>>> Logging PEV information for timestep 5.
ID		Status		X		Y
0		0		1224.873		1166.635
1		0		1607.911		1159.731
2		0		951.64		961.598
4		0		1333.645		1386.33
5		0		1263.812		1177.261
6		0		1633.864		1230.079
7		0		1142.186		994.671
8		0		935.212		1087.592
9		0		1390.266		1195.855
-1		0		1404.534		1012.322
>>> Logging PEV information for timestep 6.
ID		Status		X		Y
0		0		1220.951		1181.007
1		0		1597.529		1131.592
2		0		966.331		964.71
4		0		1333.645		1386.33
5		0		1250.832		1173.719
6		0		1621.698		1239.684
7		0		1127.568		992.789
8		0		935.212		1087.592
9		0		1390.266		1195.855
-1		0		1390.86		1013.399
>>> Logging PEV information for timestep 7.
ID		Status		X		Y
0		0		1217.029		1195.378
1		0		1597.529		1131.592
2		0		981.021		967.822
4		0		1348.466		1388.066
5		0		1237.853		1170.177
6		0		1609.531		1249.29
7		0		1112.949		990.908
8		0		949.651		1091.532
9		0		1376.082		1193.974
-1		0		1377.185		1014.475
>>> Logging PEV information for timestep 8.
ID		Status		X		Y
0		0		1213.108		1209.75
1		0		1592.925		1116.588
2		0		995.712		970.934
4		0		1378.108		1391.54
5		0		1224.873		1166.635
6		0		1597.364		1258.895
7		0		1098.331		989.026
8		0		964.09		1095.472
9		0		1361.897		1192.092
-1		0		1363.511		1015.551
>>> Logging PEV information for timestep 9.
ID		Status		X		Y
0		0		1213.108		1209.75
1		0		1588.321		1101.585
2		0		1010.403		974.046
4		0		1378.108		1391.54
5		0		1224.873		1166.635
6		0		1585.198		1268.501
7		0		1083.712		987.144
8		0		978.528		1099.412
9		0		1347.713		1190.211
-1		0		1363.511		1015.551
>>> Logging PEV information for timestep 10.
ID		Status		X		Y
0		0		1216.967		1225.092
1		0		1583.718		1086.581
2		0		1025.094		977.158
4		0		1379.069		1376.065
5		0		1210.36		1162.675
6		0		1573.031		1278.106
7		0		1069.094		985.263
8		0		992.967		1103.352
9		0		1333.529		1188.329
-1		0		1349.314		1013.652
>>> Logging PEV information for timestep 11.
ID		Status		X		Y
0		0		1220.827		1240.434
1		0		1579.114		1071.577
2		0		1039.785		980.269
4		0		1380.031		1360.59
5		0		1195.848		1158.715
6		0		1560.864		1287.712
7		0		1054.476		983.381
8		0		1007.406		1107.292
9		0		1319.345		1186.448
-1		0		1335.117		1011.753
>>> Logging PEV information for timestep 12.
ID		Status		X		Y
0		0		1224.686		1255.777
1		0		1574.51		1056.574
2		0		1054.476		983.381
4		0		1380.992		1345.114
5		0		1181.335		1154.754
6		0		1548.698		1297.317
7		0		1054.476		983.381
8		0		1021.844		1111.232
9		0		1305.16		1184.566
-1		0		1320.92		1009.853
>>> Logging PEV information for timestep 13.
ID		Status		X		Y
0		0		1228.546		1271.119
1		0		1569.906		1041.57
2		0		1054.476		983.381
4		0		1381.954		1329.639
5		0		1166.822		1150.794
6		0		1548.698		1297.317
7		0		1039.785		980.269
8		0		1036.283		1115.172
9		0		1290.976		1182.684
-1		0		1306.724		1007.954
>>> Logging PEV information for timestep 14.
ID		Status		X		Y
0		0		1232.406		1286.461
1		0		1565.302		1026.566
2		0		1069.094		985.263
4		0		1382.915		1314.164
5		0		1152.31		1146.834
6		0		1545.616		1311.989
7		0		1025.094		977.158
8		0		1050.722		1119.112
9		0		1276.792		1180.803
-1		0		1292.527		1006.055
>>> Logging PEV information for timestep 15.
ID		Status		X		Y
0		0		1236.265		1301.803
1		0		1556.094		996.559
2		0		1083.712		987.144
4		0		1383.877		1298.688
5		0		1137.797		1142.874
6		0		1542.534		1326.66
7		0		1010.403		974.046
8		0		1050.722		1119.112
9		0		1276.792		1180.803
-1		0		1278.33		1004.156
>>> Logging PEV information for timestep 16.
ID		Status		X		Y
0		0		1236.265		1301.803
1		0		1556.094		996.559
2		0		1098.331		989.026
4		0		1384.838		1283.213
5		0		1123.285		1138.914
6		0		1539.453		1341.331
7		0		995.712		970.934
8		0		1065.234		1123.073
9		0		1263.812		1177.261
-1		0		1264.133		1002.256
>>> Logging PEV information for timestep 17.
ID		Status		X		Y
0		0		1234.992		1316.277
1		0		1538.621		1001.687
2		0		1112.949		990.908
4		0		1385.8		1267.738
5		0		1108.772		1134.953
6		0		1536.371		1356.003
7		0		981.021		967.822
8		0		1079.747		1127.033
9		0		1250.832		1173.719
-1		0		1249.936		1000.357
>>> Logging PEV information for timestep 18.
ID		Status		X		Y
0		0		1233.718		1330.75
1		0		1521.148		1006.815
2		0		1127.568		992.789
4		0		1386.761		1252.263
5		0		1094.26		1130.993
6		0		1533.289		1370.674
7		0		966.331		964.71
8		0		1094.26		1130.993
9		0		1237.853		1170.177
-1		0		1249.936		1000.357
>>> Logging PEV information for timestep 19.
ID		Status		X		Y
0		0		1232.444		1345.224
1		0		1521.148		1006.815
2		0		1142.186		994.671
4		0		1387.723		1236.787
5		0		1079.747		1127.033
6		0		1530.208		1385.345
7		0		951.64		961.598
8		0		1108.772		1134.953
9		0		1224.873		1166.635
-1		0		1234.234		999.973
>>> Logging PEV information for timestep 20.
ID		Status		X		Y
0		0		1231.171		1359.698
1		0		1506.03		1007.27
2		0		1156.805		996.552
4		0		1388.684		1221.312
5		0		1065.234		1123.073
6		0		1527.126		1400.017
7		0		936.949		958.487
8		0		1123.285		1138.914
9		0		1224.873		1166.635
-1		0		1218.531		999.588
>>> Logging PEV information for timestep 21.
ID		Status		X		Y
0		0		1229.897		1374.172
1		0		1490.912		1007.726
2		0		1171.423		998.434
4		0		1388.684		1221.312
5		0		1050.722		1119.112
6		0		1527.126		1400.017
7		0		936.949		958.487
8		0		1137.797		1142.874
9		0		1210.36		1162.675
-1		0		1202.828		999.203
>>> Logging PEV information for timestep 22.
ID		Status		X		Y
0		0		1229.897		1374.172
1		0		1475.794		1008.182
2		0		1171.423		998.434
4		0		1389.475		1208.584
5		0		1050.722		1119.112
6		0		1513.058		1399.012
7		0		933.258		973.901
8		0		1152.31		1146.834
9		0		1195.848		1158.715
-1		0		1187.126		998.819
>>> Logging PEV information for timestep 23.
ID		Status		X		Y
0		0		1215.792		1370.593
1		0		1460.676		1008.638
2		0		1187.126		998.819
4		0		1390.266		1195.855
5		0		1036.283		1115.172
6		0		1498.989		1398.007
7		0		929.567		989.316
8		0		1166.822		1150.794
9		0		1181.335		1154.754
-1		0		1171.423		998.434
>>> Logging PEV information for timestep 24.
ID		Status		X		Y
0		0		1201.686		1367.014
1		0		1445.558		1009.094
2		0		1202.828		999.203
4		0		1390.266		1195.855
5		0		1021.844		1111.232
6		0		1484.921		1397.002
7		0		925.877		1004.73
8		0		1181.335		1154.754
9		0		1166.822		1150.794
-1		0		1171.423		998.434
>>> Logging PEV information for timestep 25.
ID		Status		X		Y
0		0		1187.581		1363.435
1		0		1445.558		1009.094
2		0		1218.531		999.588
4		0		1390.659		1180.473
5		0		1007.406		1107.292
6		0		1470.852		1395.997
7		0		922.186		1020.145
8		0		1195.848		1158.715
9		0		1152.31		1146.834
-1		0		1156.805		996.552
>>> Logging PEV information for timestep 26.
ID		Status		X		Y
0		0		1173.476		1359.856
1		0		1431.883		1010.17
2		0		1234.234		999.973
4		0		1391.052		1165.091
5		0		992.967		1103.352
6		0		1456.784		1394.992
7		0		918.495		1035.559
8		0		1210.36		1162.675
9		0		1137.797		1142.874
-1		0		1142.186		994.671
>>> Logging PEV information for timestep 27.
ID		Status		X		Y
0		0		1159.371		1356.277
1		0		1418.209		1011.246
2		0		1249.936		1000.357
4		0		1391.445		1149.71
5		0		978.528		1099.412
6		0		1442.715		1393.987
7		0		914.804		1050.974
8		0		1224.873		1166.635
9		0		1123.285		1138.914
-1		0		1127.568		992.789
>>> Logging PEV information for timestep 28.
ID		Status		X		Y
0		0		1145.265		1352.698
1		0		1404.534		1012.322
2		0		1249.936		1000.357
4		0		1391.838		1134.328
5		0		964.09		1095.472
6		0		1428.647		1392.983
7		0		911.113		1066.388
8		0		1224.873		1166.635
9		0		1108.772		1134.953
-1		0		1112.949		990.908
>>> Logging PEV information for timestep 29.
ID		Status		X		Y
0		0		1131.16		1349.119
1		0		1404.534		1012.322
2		0		1264.133		1002.256
4		0		1392.231		1118.946
5		0		949.651		1091.532
6		0		1428.647		1392.983
7		0		907.423		1081.803
8		0		1220.951		1181.007
9		0		1094.26		1130.993
-1		0		1098.331		989.026
>>> Logging PEV information for timestep 30.
ID		Status		X		Y
0		0		1117.055		1345.54
1		0		1390.86		1013.399
2		0		1278.33		1004.156
4		0		1392.231		1118.946
5		0		935.212		1087.592
6		0		1411.801		1392.502
7		0		907.423		1081.803
8		0		1217.029		1195.378
9		0		1079.747		1127.033
-1		0		1083.712		987.144
>>> Logging PEV information for timestep 31.
ID		Status		X		Y
0		0		1102.949		1341.961
1		0		1377.185		1014.475
2		0		1292.527		1006.055
4		0		1400.808		1106.08
5		0		935.212		1087.592
6		0		1394.954		1392.021
7		0		921.317		1084.697
8		0		1213.108		1209.75
9		0		1065.234		1123.073
-1		0		1069.094		985.263
>>> Logging PEV information for timestep 32.
ID		Status		X		Y
0		0		1088.844		1338.382
1		0		1363.511		1015.551
2		0		1306.724		1007.954
4		0		1409.385		1093.215
5		0		921.317		1084.697
6		0		1378.108		1391.54
7		0		935.212		1087.592
8		0		1213.108		1209.75
9		0		1050.722		1119.112
-1		0		1054.476		983.381
>>> Logging PEV information for timestep 33.
ID		Status		X		Y
0		0		1074.739		1334.803
1		0		1363.511		1015.551
2		0		1320.92		1009.853
4		0		1409.385		1093.215
5		0		907.423		1081.803
6		0		1378.108		1391.54
7		0		935.212		1087.592
8		0		1216.967		1225.092
9		0		1050.722		1119.112
-1		0		1054.476		983.381
>>> Logging PEV information for timestep 34.
ID		Status		X		Y
0		0		1074.739		1334.803
1		0		1349.314		1013.652
2		0		1335.117		1011.753
4		0		1408.415		1077.036
5		0		907.423		1081.803
6		0		1363.287		1389.803
7		0		949.651		1091.532
8		0		1220.827		1240.434
9		0		1052.795		1135.184
-1		0		1039.785		980.269
>>> Logging PEV information for timestep 35.
ID		Status		X		Y
0		0		1060.017		1330.42
1		0		1335.117		1011.753
2		0		1349.314		1013.652
4		0		1407.445		1060.858
5		0		901.791		1097.993
6		0		1348.466		1388.066
7		0		964.09		1095.472
8		0		1224.686		1255.777
9		0		1054.868		1151.255
-1		0		1025.094		977.158
>>> Logging PEV information for timestep 36.
ID		Status		X		Y
0		0		1045.295		1326.036
1		0		1320.92		1009.853
2		0		1363.511		1015.551
4		0		1406.475		1044.679
5		0		896.16		1114.183
6		0		1333.645		1386.33
7		0		978.528		1099.412
8		0		1228.546		1271.119
9		0		1056.941		1167.326
-1		0		1010.403		974.046
>>> Logging PEV information for timestep 37.
ID		Status		X		Y
0		0		1030.573		1321.653
1		0		1306.724		1007.954
2		0		1363.511		1015.551
4		0		1405.505		1028.501
5		0		890.529		1130.373
6		0		1318.824		1384.593
7		0		992.967		1103.352
8		0		1232.406		1286.461
9		0		1059.014		1183.397
-1		0		995.712		970.934
>>> Logging PEV information for timestep 38.
ID		Status		X		Y
0		0		1015.851		1317.269
1		0		1292.527		1006.055
2		0		1377.185		1014.475
4		0		1404.534		1012.322
5		0		890.529		1130.373
6		0		1304.002		1382.856
7		0		1007.406		1107.292
8		0		1236.265		1301.803
9		0		1061.087		1199.468
-1		0		981.021		967.822
>>> Logging PEV information for timestep 39.
ID		Status		X		Y
0		0		1001.13		1312.886
1		0		1278.33		1004.156
2		0		1390.86		1013.399
4		0		1404.534		1012.322
5		0		903.476		1137.234
6		0		1289.181		1381.119
7		0		1021.844		1111.232
8		0		1236.265		1301.803
9		0		1063.16		1215.54
-1		0		966.331		964.71
>>> Logging PEV information for timestep 40.
ID		Status		X		Y
0		0		986.408		1308.502
1		0		1264.133		1002.256
2		0		1404.534		1012.322
4		0		1418.209		1011.246
5		0		916.423		1144.095
6		0		1274.36		1379.382
7		0		1036.283		1115.172
8		0		1234.992		1316.277
9		0		1063.16		1215.54
-1		0		951.64		961.598
>>> Logging PEV information for timestep 41.
ID		Status		X		Y
0		0		971.686		1304.119
1		0		1249.936		1000.357
2		0		1404.534		1012.322
4		0		1431.883		1010.17
5		0		929.37		1150.956
6		0		1259.539		1377.645
7		0		1050.722		1119.112
8		0		1233.718		1330.75
9		0		1064.607		1230.448
-1		0		936.949		958.487
>>> Logging PEV information for timestep 42.
ID		Status		X		Y
0		0		971.686		1304.119
1		0		1249.936		1000.357
2		0		1418.209		1011.246
4		0		1445.558		1009.094
5		0		942.318		1157.817
6		0		1229.897		1374.172
7		0		1050.722		1119.112
8		0		1232.444		1345.224
9		0		1066.055		1245.356
-1		0		936.949		958.487
>>> Logging PEV information for timestep 43.
ID		Status		X		Y
0		0		971.3		1289.388
1		0		1252.595		985.037
2		0		1431.883		1010.17
4		0		1445.558		1009.094
5		0		955.265		1164.678
6		0		1229.897		1374.172
7		0		1065.234		1123.073
8		0		1231.171		1359.698
9		0		1067.502		1260.263
-1		0		941.195		944.785
>>> Logging PEV information for timestep 44.
ID		Status		X		Y
0		0		970.914		1274.657
1		0		1255.254		969.716
2		0		1445.558		1009.094
4		0		1460.676		1008.638
5		0		968.212		1171.54
6		0		1215.792		1370.593
7		0		1079.747		1127.033
8		0		1229.897		1374.172
9		0		1068.949		1275.171
-1		0		945.44		931.083
>>> Logging PEV information for timestep 45.
ID		Status		X		Y
0		0		970.528		1259.926
1		0		1257.913		954.396
2		0		1445.558		1009.094
4		0		1475.794		1008.182
5		0		968.212		1171.54
6		0		1201.686		1367.014
7		0		1094.26		1130.993
8		0		1229.897		1374.172
9		0		1070.397		1290.079
-1		0		949.686		917.381
>>> Logging PEV information for timestep 46.
ID		Status		X		Y
0		0		970.142		1245.195
1		0		1257.913		954.396
2		0		1460.676		1008.638
4		0		1490.912		1007.726
5		0		968.598		1186.271
6		0		1187.581		1363.435
7		0		1108.772		1134.953
8		0		1215.792		1370.593
9		0		1071.844		1304.987
-1		0		949.686		917.381
>>> Logging PEV information for timestep 47.
ID		Status		X		Y
0		0		969.756		1230.464
1		0		1258.521		940.265
2		0		1475.794		1008.182
4		0		1506.03		1007.27
5		0		968.984		1201.002
6		0		1173.476		1359.856
7		0		1123.285		1138.914
8		0		1201.686		1367.014
9		0		1073.291		1319.895
-1		0		949.107		901.364
>>> Logging PEV information for timestep 48.
ID		Status		X		Y
0		0		969.37		1215.733
1		0		1259.129		926.135
2		0		1490.912		1007.726
4		0		1521.148		1006.815
5		0		969.37		1215.733
6		0		1159.371		1356.277
7		0		1137.797		1142.874
8		0		1187.581		1363.435
9		0		1074.739		1334.803
-1		0		948.528		885.346
>>> Logging PEV information for timestep 49.
ID		Status		X		Y
0		0		968.984		1201.002
1		0		1259.736		912.005
2		0		1506.03		1007.27
4		0		1521.148		1006.815
5		0		969.756		1230.464
6		0		1145.265		1352.698
7		0		1152.31		1146.834
8		0		1173.476		1359.856
9		0		1074.739		1334.803
-1		0		947.949		869.328
>>> Logging PEV information for timestep 50.
ID		Status		X		Y
0		0		968.212		1171.54
1		0		1260.344		897.874
2		0		1521.148		1006.815
4		0		1538.621		1001.687
5		0		970.142		1245.195
6		0		1131.16		1349.119
7		0		1166.822		1150.794
8		0		1159.371		1356.277
9		0		1060.017		1330.42
-1		0		947.949		869.328
>>> Logging PEV information for timestep 51.
ID		Status		X		Y
0		0		968.212		1171.54
1		0		1260.952		883.744
2		0		1521.148		1006.815
4		0		1556.094		996.559
5		0		970.528		1259.926
6		0		1117.055		1345.54
7		0		1181.335		1154.754
8		0		1145.265		1352.698
9		0		1045.295		1326.036
-1		0		962.709		867.935
>>> Logging PEV information for timestep 52.
ID		Status		X		Y
0		0		955.265		1164.678
1		0		1260.952		883.744
2		0		1538.621		1001.687
4		0		1556.094		996.559
5		0		970.914		1274.657
6		0		1102.949		1341.961
7		0		1195.848		1158.715
8		0		1131.16		1349.119
9		0		1030.573		1321.653
-1		0		977.469		866.541
>>> Logging PEV information for timestep 53.
ID		Status		X		Y
0		0		942.318		1157.817
1		0		1259.939		869.183
2		0		1556.094		996.559
4		0		1550.808		982.03
5		0		971.686		1304.119
6		0		1088.844		1338.382
7		0		1210.36		1162.675
8		0		1117.055		1345.54
9		0		1015.851		1317.269
-1		0		992.23		865.147
>>> Logging PEV information for timestep 54.
ID		Status		X		Y
0		0		929.37		1150.956
1		0		1258.926		854.622
2		0		1556.094		996.559
4		0		1545.521		967.5
5		0		971.686		1304.119
6		0		1074.739		1334.803
7		0		1224.873		1166.635
8		0		1102.949		1341.961
9		0		1001.13		1312.886
-1		0		1006.99		863.754
>>> Logging PEV information for timestep 55.
ID		Status		X		Y
0		0		916.423		1144.095
1		0		1257.913		840.061
2		0		1560.698		1011.562
4		0		1540.235		952.971
5		0		986.408		1308.502
6		0		1074.739		1334.803
7		0		1224.873		1166.635
8		0		1088.844		1338.382
9		0		986.408		1308.502
-1		0		1021.75		862.36
>>> Logging PEV information for timestep 56.
ID		Status		X		Y
0		0		903.476		1137.234
1		0		1257.913		840.061
2		0		1565.302		1026.566
4		0		1534.949		938.442
5		0		1001.13		1312.886
6		0		1073.291		1319.895
7		0		1220.951		1181.007
8		0		1074.739		1334.803
9		0		971.686		1304.119
-1		0		1036.51		860.966
>>> Logging PEV information for timestep 57.
ID		Status		X		Y
0		0		890.529		1130.373
1		0		1272.673		838.813
2		0		1569.906		1041.57
4		0		1529.663		923.913
5		0		1015.851		1317.269
6		0		1071.844		1304.987
7		0		1217.029		1195.378
8		0		1074.739		1334.803
9		0		971.686		1304.119
-1		0		1051.27		859.573
>>> Logging PEV information for timestep 58.
ID		Status		X		Y
0		0		890.529		1130.373
1		0		1287.433		837.565
2		0		1574.51		1056.574
4		0		1524.377		909.384
5		0		1030.573		1321.653
6		0		1070.397		1290.079
7		0		1213.108		1209.75
8		0		1060.017		1330.42
9		0		957.856		1298.651
-1		0		1066.031		858.179
>>> Logging PEV information for timestep 59.
ID		Status		X		Y
0		0		896.16		1114.183
1		0		1302.192		836.317
2		0		1579.114		1071.577
4		0		1519.09		894.854
5		0		1045.295		1326.036
6		0		1068.949		1275.171
7		0		1213.108		1209.75
8		0		1045.295		1326.036
9		0		944.025		1293.183
-1		0		1080.791		856.785
>>> Logging PEV information for timestep 60.
ID		Status		X		Y
0		0		901.791		1097.993
1		0		1316.952		835.069
2		0		1583.718		1086.581
4		0		1513.804		880.325
5		0		1060.017		1330.42
6		0		1067.502		1260.263
7		0		1216.967		1225.092
8		0		1030.573		1321.653
9		0		930.195		1287.715
-1		0		1095.551		855.392
>>> Logging PEV information for timestep 61.
ID		Status		X		Y
0		0		907.423		1081.803
1		0		1331.712		833.821
2		0		1588.321		1101.585
4		0		1508.518		865.796
5		0		1074.739		1334.803
6		0		1066.055		1245.356
7		0		1220.827		1240.434
8		0		1015.851		1317.269
9		0		916.364		1282.247
-1		0		1110.311		853.998
>>> Logging PEV information for timestep 62.
ID		Status		X		Y
0		0		907.423		1081.803
1		0		1346.472		832.573
2		0		1597.529		1131.592
4		0		1503.232		851.267
5		0		1074.739		1334.803
6		0		1064.607		1230.448
7		0		1224.686		1255.777
8		0		1001.13		1312.886
9		0		902.534		1276.78
-1		0		1125.071		852.604
>>> Logging PEV information for timestep 63.
ID		Status		X		Y
0		0		911.113		1066.388
1		0		1361.232		831.325
2		0		1597.529		1131.592
4		0		1497.945		836.738
5		0		1088.844		1338.382
6		0		1063.16		1215.54
7		0		1228.546		1271.119
8		0		986.408		1308.502
9		0		888.703		1271.312
-1		0		1139.832		851.211
>>> Logging PEV information for timestep 64.
ID		Status		X		Y
0		0		914.804		1050.974
1		0		1361.232		831.325
2		0		1584.149		1136.417
4		0		1492.659		822.208
5		0		1102.949		1341.961
6		0		1063.16		1215.54
7		0		1232.406		1286.461
8		0		971.686		1304.119
9		0		874.873		1265.844
-1		0		1154.592		849.817
>>> Logging PEV information for timestep 65.
ID		Status		X		Y
0		0		918.495		1035.559
1		0		1375.835		830.312
2		0		1570.769		1141.241
4		0		1492.659		822.208
5		0		1117.055		1345.54
6		0		1061.087		1199.468
7		0		1236.265		1301.803
8		0		971.686		1304.119
9		0		847.212		1254.908
-1		0		1169.352		848.423
>>> Logging PEV information for timestep 66.
ID		Status		X		Y
0		0		922.186		1020.145
1		0		1390.438		829.299
2		0		1557.389		1146.066
4		0		1478.056		823.221
5		0		1131.16		1349.119
6		0		1059.014		1183.397
7		0		1236.265		1301.803
8		0		957.856		1298.651
9		0		847.212		1254.908
-1		0		1184.112		847.03
>>> Logging PEV information for timestep 67.
ID		Status		X		Y
0		0		925.877		1004.73
1		0		1405.041		828.286
2		0		1544.009		1150.89
4		0		1463.453		824.234
5		0		1145.265		1352.698
6		0		1056.941		1167.326
7		0		1234.992		1316.277
8		0		944.025		1293.183
9		0		852.025		1241.071
-1		0		1198.872		845.636
>>> Logging PEV information for timestep 68.
ID		Status		X		Y
0		0		929.567		989.316
1		0		1419.644		827.273
2		0		1530.629		1155.715
4		0		1448.85		825.247
5		0		1159.371		1356.277
6		0		1054.868		1151.255
7		0		1233.718		1330.75
8		0		930.195		1287.715
9		0		856.838		1227.234
-1		0		1213.632		844.242
>>> Logging PEV information for timestep 69.
ID		Status		X		Y
0		0		933.258		973.901
1		0		1434.247		826.26
2		0		1517.249		1160.54
4		0		1434.247		826.26
5		0		1173.476		1359.856
6		0		1052.795		1135.184
7		0		1232.444		1345.224
8		0		916.364		1282.247
9		0		861.651		1213.396
-1		0		1228.393		842.849
>>> Logging PEV information for timestep 70.
ID		Status		X		Y
0		0		936.949		958.487
1		0		1448.85		825.247
2		0		1503.868		1165.364
4		0		1419.644		827.273
5		0		1187.581		1363.435
6		0		1050.722		1119.112
7		0		1231.171		1359.698
8		0		902.534		1276.78
9		0		866.464		1199.559
-1		0		1257.913		840.061
>>> Logging PEV information for timestep 71.
ID		Status		X		Y
0		0		936.949		958.487
1		0		1463.453		824.234
2		0		1477.108		1175.013
4		0		1405.041		828.286
5		0		1201.686		1367.014
6		0		1050.722		1119.112
7		0		1229.897		1374.172
8		0		888.703		1271.312
9		0		871.277		1185.722
-1		0		1257.913		840.061
>>> Logging PEV information for timestep 72.
ID		Status		X		Y
0		0		951.64		961.598
1		0		1492.659		822.208
2		0		1477.108		1175.013
4		0		1390.438		829.299
5		0		1215.792		1370.593
6		0		1065.234		1123.073
7		0		1229.897		1374.172
8		0		874.873		1265.844
9		0		876.09		1171.885
-1		0		1258.926		854.622
>>> Logging PEV information for timestep 73.
ID		Status		X		Y
0		0		966.331		964.71
1		0		1492.659		822.208
2		0		1462.634		1178.487
4		0		1361.232		831.325
5		0		1229.897		1374.172
6		0		1079.747		1127.033
7		0		1215.792		1370.593
8		0		847.212		1254.908
9		0		880.903		1158.047
-1		0		1259.939		869.183
>>> Logging PEV information for timestep 74.
ID		Status		X		Y
0		0		981.021		967.822
1		0		1497.945		836.738
2		0		1448.161		1181.961
4		0		1361.232		831.325
5		0		1229.897		1374.172
6		0		1094.26		1130.993
7		0		1201.686		1367.014
8		0		847.212		1254.908
9		0		890.529		1130.373
-1		0		1260.952		883.744
>>> Logging PEV information for timestep 75.
ID		Status		X		Y
0		0		995.712		970.934
1		0		1503.232		851.267
2		0		1433.687		1185.434
4		0		1361.358		846.519
5		0		1244.718		1375.908
6		0		1108.772		1134.953
7		0		1187.581		1363.435
8		0		852.025		1241.071
9		0		890.529		1130.373
-1		0		1260.952		883.744
>>> Logging PEV information for timestep 76.
ID		Status		X		Y
0		0		1010.403		974.046
1		0		1508.518		865.796
2		0		1419.213		1188.908
4		0		1361.485		861.713
5		0		1259.539		1377.645
6		0		1123.285		1138.914
7		0		1173.476		1359.856
8		0		856.838		1227.234
9		0		903.476		1137.234
-1		0		1260.344		897.874
>>> Logging PEV information for timestep 77.
ID		Status		X		Y
0		0		1025.094		977.158
1		0		1513.804		880.325
2		0		1404.74		1192.382
4		0		1361.612		876.907
5		0		1274.36		1379.382
6		0		1137.797		1142.874
7		0		1159.371		1356.277
8		0		861.651		1213.396
9		0		916.423		1144.095
-1		0		1259.736		912.005
>>> Logging PEV information for timestep 78.
ID		Status		X		Y
0		0		1039.785		980.269
1		0		1519.09		894.854
2		0		1390.266		1195.855
4		0		1361.612		876.907
5		0		1289.181		1381.119
6		0		1152.31		1146.834
7		0		1145.265		1352.698
8		0		866.464		1199.559
9		0		929.37		1150.956
-1		0		1259.129		926.135
>>> Logging PEV information for timestep 79.
ID		Status		X		Y
0		0		1054.476		983.381
1		0		1524.377		909.384
2		0		1390.266		1195.855
4		0		1347.232		877.883
5		0		1304.002		1382.856
6		0		1166.822		1150.794
7		0		1131.16		1349.119
8		0		871.277		1185.722
9		0		942.318		1157.817
-1		0		1258.521		940.265
>>> Logging PEV information for timestep 80.
ID		Status		X		Y
0		0		1054.476		983.381
1		0		1529.663		923.913
2		0		1376.082		1193.974
4		0		1332.852		878.86
5		0		1318.824		1384.593
6		0		1181.335		1154.754
7		0		1117.055		1345.54
8		0		876.09		1171.885
9		0		955.265		1164.678
-1		0		1257.913		954.396
>>> Logging PEV information for timestep 81.
ID		Status		X		Y
0		0		1069.094		985.263
1		0		1534.949		938.442
2		0		1361.897		1192.092
4		0		1318.472		879.837
5		0		1333.645		1386.33
6		0		1195.848		1158.715
7		0		1102.949		1341.961
8		0		880.903		1158.047
9		0		968.212		1171.54
-1		0		1257.913		954.396
>>> Logging PEV information for timestep 82.
ID		Status		X		Y
0		0		1083.712		987.144
1		0		1540.235		952.971
2		0		1347.713		1190.211
4		0		1304.092		880.814
5		0		1348.466		1388.066
6		0		1210.36		1162.675
7		0		1088.844		1338.382
8		0		890.529		1130.373
9		0		968.212		1171.54
-1		0		1255.254		969.716
>>> Logging PEV information for timestep 83.
ID		Status		X		Y
0		0		1098.331		989.026
1		0		1545.521		967.5
2		0		1333.529		1188.329
4		0		1289.712		881.79
5		0		1378.108		1391.54
6		0		1224.873		1166.635
7		0		1074.739		1334.803
8		0		890.529		1130.373
9		0		968.598		1186.271
-1		0		1252.595		985.037
>>> Logging PEV information for timestep 84.
ID		Status		X		Y
0		0		1112.949		990.908
1		0		1550.808		982.03
2		0		1319.345		1186.448
4		0		1275.332		882.767
5		0		1378.108		1391.54
6		0		1224.873		1166.635
7		0		1074.739		1334.803
8		0		896.16		1114.183
9		0		968.984		1201.002
-1		0		1249.936		1000.357
>>> Logging PEV information for timestep 85.
ID		Status		X		Y
0		0		1127.568		992.789
1		0		1556.094		996.559
2		0		1305.16		1184.566
4		0		1260.952		883.744
5		0		1394.954		1392.021
6		0		1220.951		1181.007
7		0		1060.017		1330.42
8		0		901.791		1097.993
9		0		969.37		1215.733
-1		0		1249.936		1000.357
>>> Logging PEV information for timestep 86.
ID		Status		X		Y
0		0		1142.186		994.671
1		0		1556.094		996.559
2		0		1290.976		1182.684
4		0		1260.952		883.744
5		0		1411.801		1392.502
6		0		1217.029		1195.378
7		0		1045.295		1326.036
8		0		907.423		1081.803
9		0		969.756		1230.464
-1		0		1264.133		1002.256
>>> Logging PEV information for timestep 87.
ID		Status		X		Y
0		0		1156.805		996.552
1		0		1538.621		1001.687
2		0		1276.792		1180.803
4		0		1260.344		897.874
5		0		1428.647		1392.983
6		0		1213.108		1209.75
7		0		1030.573		1321.653
8		0		907.423		1081.803
9		0		970.142		1245.195
-1		0		1278.33		1004.156
>>> Logging PEV information for timestep 88.
ID		Status		X		Y
0		0		1171.423		998.434
1		0		1521.148		1006.815
2		0		1276.792		1180.803
4		0		1259.736		912.005
5		0		1428.647		1392.983
6		0		1213.108		1209.75
7		0		1015.851		1317.269
8		0		921.317		1084.697
9		0		970.528		1259.926
-1		0		1292.527		1006.055
>>> Logging PEV information for timestep 89.
ID		Status		X		Y
0		0		1171.423		998.434
1		0		1521.148		1006.815
2		0		1263.812		1177.261
4		0		1259.129		926.135
5		0		1430.167		1378.436
6		0		1216.967		1225.092
7		0		1001.13		1312.886
8		0		935.212		1087.592
9		0		970.914		1274.657
-1		0		1306.724		1007.954
>>> Logging PEV information for timestep 90.
ID		Status		X		Y
0		0		1187.126		998.819
1		0		1506.03		1007.27
2		0		1250.832		1173.719
4		0		1258.521		940.265
5		0		1431.688		1363.889
6		0		1220.827		1240.434
7		0		986.408		1308.502
8		0		935.212		1087.592
9		0		971.686		1304.119
-1		0		1320.92		1009.853
>>> Logging PEV information for timestep 91.
ID		Status		X		Y
0		0		1202.828		999.203
1		0		1490.912		1007.726
2		0		1237.853		1170.177
4		0		1257.913		954.396
5		0		1433.208		1349.342
6		0		1224.686		1255.777
7		0		971.686		1304.119
8		0		949.651		1091.532
9		0		971.686		1304.119
-1		0		1335.117		1011.753
>>> Logging PEV information for timestep 92.
ID		Status		X		Y
0		0		1218.531		999.588
1		0		1475.794		1008.182
2		0		1224.873		1166.635
4		0		1257.913		954.396
5		0		1434.728		1334.796
6		0		1228.546		1271.119
7		0		971.686		1304.119
8		0		964.09		1095.472
9		0		957.856		1298.651
-1		0		1349.314		1013.652
>>> Logging PEV information for timestep 93.
ID		Status		X		Y
0		0		1234.234		999.973
1		0		1460.676		1008.638
2		0		1224.873		1166.635
4		0		1255.254		969.716
5		0		1436.248		1320.249
6		0		1232.406		1286.461
7		0		957.856		1298.651
8		0		978.528		1099.412
9		0		944.025		1293.183
-1		0		1363.511		1015.551
>>> Logging PEV information for timestep 94.
ID		Status		X		Y
0		0		1249.936		1000.357
1		0		1445.558		1009.094
2		0		1210.36		1162.675
4		0		1252.595		985.037
5		0		1437.769		1305.702
6		0		1236.265		1301.803
7		0		944.025		1293.183
8		0		992.967		1103.352
9		0		930.195		1287.715
-1		0		1363.511		1015.551
>>> Logging PEV information for timestep 95.
ID		Status		X		Y
0		0		1249.936		1000.357
1		0		1445.558		1009.094
2		0		1195.848		1158.715
4		0		1249.936		1000.357
5		0		1439.289		1291.155
6		0		1236.265		1301.803
7		0		930.195		1287.715
8		0		1007.406		1107.292
9		0		916.364		1282.247
-1		0		1377.185		1014.475
>>> Logging PEV information for timestep 96.
ID		Status		X		Y
0		0		1264.133		1002.256
1		0		1431.883		1010.17
2		0		1181.335		1154.754
4		0		1249.936		1000.357
5		0		1440.809		1276.609
6		0		1234.992		1316.277
7		0		916.364		1282.247
8		0		1021.844		1111.232
9		0		902.534		1276.78
-1		0		1390.86		1013.399
>>> Logging PEV information for timestep 97.
ID		Status		X		Y
0		0		1278.33		1004.156
1		0		1418.209		1011.246
2		0		1166.822		1150.794
4		0		1234.234		999.973
5		0		1443.85		1247.515
6		0		1233.718		1330.75
7		0		902.534		1276.78
8		0		1036.283		1115.172
9		0		888.703		1271.312
-1		0		1404.534		1012.322
>>> Logging PEV information for timestep 98.
ID		Status		X		Y
0		0		1292.527		1006.055
1		0		1404.534		1012.322
2		0		1152.31		1146.834
4		0		1218.531		999.588
5		0		1443.85		1247.515
6		0		1232.444		1345.224
7		0		888.703		1271.312
8		0		1050.722		1119.112
9		0		874.873		1265.844
-1		0		1404.534		1012.322
>>> Logging PEV information for timestep 99.
ID		Status		X		Y
0		0		1306.724		1007.954
1		0		1404.534		1012.322
2		0		1137.797		1142.874
4		0		1202.828		999.203
5		0		1456.956		1253.741
6		0		1231.171		1359.698
7		0		874.873		1265.844
8		0		1050.722		1119.112
9		0		847.212		1254.908
-1		0		1418.209		1011.246
>>> Logging PEV information for timestep 100.
ID		Status		X		Y
0		0		1320.92		1009.853
1		0		1390.86		1013.399
2		0		1123.285		1138.914
4		0		1187.126		998.819
5		0		1470.062		1259.966
6		0		1229.897		1374.172
7		0		847.212		1254.908
8		0		1065.234		1123.073
9		0		847.212		1254.908
-1		0		1431.883		1010.17
