Simulation initialized.
Using LogStatus type of DetailedPrint.
>>> Logging PEV information for timestep 10.
ID		Status		X		Y
0		0		1074.739		1334.803
1		0		1276.792		1180.803
3		0		1384.838		1283.213
4		0		1050.722		1119.112
5		0		1218.531		999.588
6		0		1490.912		1007.726
7		0		1456.784		1394.992
8		0		1602.72		1145.662
9		0		1117.055		1345.54
-1		0		1363.511		1015.551
>>> Logging PEV information for timestep 20.
ID		Status		X		Y
0		0		1061.087		1199.468
1		0		1389.475		1208.584
3		0		1348.466		1388.066
4		0		1195.848		1158.715
5		0		1083.712		987.144
6		0		1574.51		1056.574
7		0		1439.289		1291.155
8		0		1597.364		1258.895
9		0		1231.171		1359.698
-1		0		1252.595		985.037
>>> Logging PEV information for timestep 30.
ID		Status		X		Y
0		0		992.967		1103.352
1		0		1439.289		1291.155
3		0		1232.444		1345.224
4		0		1224.686		1255.777
5		0		951.64		961.598
6		0		1623.483		1201.94
7		0		1535.592		1291.092
8		0		1533.289		1370.674
9		0		1216.967		1225.092
-1		0		1275.332		882.767
>>> Logging PEV information for timestep 40.
ID		Status		X		Y
0		0		896.16		1114.183
1		0		1378.108		1391.54
3		0		1213.108		1209.75
4		0		1229.897		1374.172
5		0		907.423		1081.803
6		0		1548.698		1297.317
7		0		1527.126		1400.017
8		0		1428.647		1392.983
9		0		1276.792		1180.803
-1		0		1361.232		831.325
>>> Logging PEV information for timestep 50.
ID		Status		X		Y
0		0		847.212		1254.908
1		0		1229.897		1374.172
3		0		1276.792		1180.803
4		0		1378.108		1391.54
5		0		1021.844		1111.232
6		0		1443.85		1247.515
7		0		1394.954		1392.021
8		0		1443.85		1247.515
9		0		1390.266		1195.855
-1		0		1258.926		854.622
>>> Logging PEV information for timestep 60.
ID		Status		X		Y
0		0		971.686		1304.119
1		0		1102.949		1341.961
3		0		1404.74		1192.382
4		0		1437.769		1305.702
5		0		1152.31		1146.834
6		0		1428.647		1392.983
7		0		1259.539		1377.645
8		0		1548.698		1297.317
9		0		1470.062		1259.966
-1		0		1361.612		876.907
>>> Logging PEV information for timestep 70.
ID		Status		X		Y
0		0		955.265		1164.678
1		0		971.686		1304.119
3		0		1530.629		1155.715
4		0		1522.486		1284.867
5		0		1213.108		1209.75
6		0		1533.289		1370.674
7		0		1117.055		1345.54
8		0		1498.989		1398.007
9		0		1585.198		1268.501
-1		0		1287.433		837.565
>>> Logging PEV information for timestep 80.
ID		Status		X		Y
0		0		907.423		1081.803
1		0		968.212		1171.54
3		0		1623.483		1201.94
4		0		1633.864		1230.079
5		0		1232.444		1345.224
6		0		1496.274		1272.416
7		0		986.408		1308.502
8		0		1434.728		1334.796
9		0		1607.911		1159.731
-1		0		1154.592		849.817
>>> Logging PEV information for timestep 90.
ID		Status		X		Y
0		0		941.195		944.785
1		0		907.423		1081.803
3		0		1548.698		1297.317
4		0		1592.925		1116.588
5		0		1131.16		1349.119
6		0		1388.684		1221.312
7		0		968.212		1171.54
8		0		1496.274		1272.416
9		0		1565.302		1026.566
-1		0		1006.99		863.754
>>> Logging PEV information for timestep 100.
ID		Status		X		Y
0		0		992.23		865.147
1		0		1021.844		1111.232
3		0		1513.058		1399.012
4		0		1545.521		967.5
5		0		1001.13		1312.886
6		0		1290.976		1182.684
7		0		880.903		1158.047
8		0		1533.289		1370.674
9		0		1513.804		880.325
-1		0		941.195		944.785
>>> Logging PEV information for timestep 110.
ID		Status		X		Y
0		0		1139.832		851.211
1		0		1063.16		1215.54
3		0		1378.108		1391.54
4		0		1492.659		822.208
5		0		874.873		1265.844
6		0		1213.108		1209.75
7		0		888.703		1271.312
8		0		1428.647		1392.983
9		0		1419.644		827.273
-1		0		907.423		1081.803
>>> Logging PEV information for timestep 120.
ID		Status		X		Y
0		0		1259.939		869.183
1		0		1060.017		1330.42
3		0		1386.761		1252.263
4		0		1361.232		831.325
5		0		890.529		1130.373
6		0		1233.718		1330.75
7		0		970.142		1245.195
8		0		1443.85		1247.515
9		0		1332.852		878.86
-1		0		955.265		1164.678
>>> Logging PEV information for timestep 130.
ID		Status		X		Y
0		0		1361.612		876.907
1		0		930.195		1287.715
3		0		1470.062		1259.966
4		0		1275.332		882.767
5		0		964.09		1095.472
6		0		1318.824		1384.593
7		0		903.476		1137.234
8		0		1548.698		1297.317
9		0		1257.913		840.061
-1		0		971.686		1304.119
>>> Logging PEV information for timestep 140.
ID		Status		X		Y
0		0		1272.673		838.813
1		0		866.464		1199.559
3		0		1539.453		1341.331
4		0		1316.952		835.069
5		0		1056.941		1167.326
6		0		1383.877		1298.688
7		0		949.651		1091.532
8		0		1498.989		1398.007
9		0		1361.485		861.713
-1		0		1088.844		1338.382
>>> Logging PEV information for timestep 150.
ID		Status		X		Y
0		0		1318.472		879.837
1		0		955.265		1164.678
3		0		1456.784		1394.992
4		0		1332.852		878.86
5		0		1071.844		1304.987
6		0		1443.85		1247.515
7		0		1079.747		1127.033
8		0		1378.108		1391.54
9		0		1260.952		883.744
-1		0		1229.897		1374.172
>>> Logging PEV information for timestep 160.
ID		Status		X		Y
0		0		1331.712		833.821
1		0		971.686		1304.119
3		0		1333.645		1386.33
4		0		1257.913		840.061
5		0		971.686		1304.119
6		0		1548.698		1297.317
7		0		1224.873		1166.635
8		0		1229.897		1374.172
9		0		1346.472		832.573
-1		0		1378.108		1391.54
>>> Logging PEV information for timestep 170.
ID		Status		X		Y
0		0		1198.872		845.636
1		0		847.212		1254.908
3		0		1187.581		1363.435
4		0		1361.485		861.713
5		0		968.212		1171.54
6		0		1498.989		1398.007
7		0		1232.406		1286.461
8		0		1088.844		1338.382
9		0		1492.659		822.208
-1		0		1386.761		1252.263
>>> Logging PEV information for timestep 180.
ID		Status		X		Y
0		0		1051.27		859.573
1		0		903.476		1137.234
3		0		1060.017		1330.42
4		0		1260.952		883.744
5		0		907.423		1081.803
6		0		1434.728		1334.796
7		0		1259.539		1377.645
8		0		1063.16		1215.54
9		0		1540.235		952.971
-1		0		1440.809		1276.609
>>> Logging PEV information for timestep 190.
ID		Status		X		Y
0		0		949.686		917.381
1		0		969.756		1230.464
3		0		930.195		1287.715
4		0		1249.936		1000.357
5		0		936.949		958.487
6		0		1388.684		1221.312
7		0		1411.801		1392.502
8		0		1021.844		1111.232
9		0		1583.718		1086.581
-1		0		1456.784		1394.992
>>> Logging PEV information for timestep 200.
ID		Status		X		Y
0		0		1010.403		974.046
1		0		1045.295		1326.036
3		0		866.464		1199.559
4		0		1377.185		1014.475
5		0		1069.094		985.263
6		0		1380.031		1360.59
7		0		1440.809		1276.609
8		0		907.423		1081.803
9		0		1503.868		1165.364
-1		0		1539.453		1341.331
>>> Logging PEV information for timestep 210.
ID		Status		X		Y
0		0		1142.186		994.671
1		0		1173.476		1359.856
3		0		911.113		1066.388
4		0		1400.808		1106.08
5		0		1202.828		999.203
6		0		1470.852		1395.997
7		0		1385.8		1267.738
8		0		861.651		1213.396
9		0		1390.659		1180.473
-1		0		1470.062		1259.966
>>> Logging PEV information for timestep 220.
ID		Status		X		Y
0		0		1252.595		985.037
1		0		1236.265		1301.803
3		0		966.331		964.71
4		0		1419.213		1188.908
5		0		1335.117		1011.753
6		0		1542.534		1326.66
7		0		1394.954		1392.021
8		0		944.025		1293.183
9		0		1407.445		1060.858
-1		0		1386.761		1252.263
>>> Logging PEV information for timestep 230.
ID		Status		X		Y
0		0		1275.332		882.767
1		0		1220.951		1181.007
3		0		1098.331		989.026
4		0		1544.009		1150.89
5		0		1445.558		1009.094
6		0		1633.864		1230.079
7		0		1439.289		1291.155
8		0		968.212		1171.54
9		0		1335.117		1011.753
-1		0		1378.108		1391.54
>>> Logging PEV information for timestep 240.
ID		Status		X		Y
0		0		1361.232		831.325
1		0		1319.345		1186.448
3		0		1234.234		999.973
4		0		1569.906		1041.57
5		0		1556.094		996.559
6		0		1592.925		1116.588
7		0		1390.266		1195.855
8		0		901.791		1097.993
9		0		1257.913		954.396
-1		0		1229.897		1374.172
>>> Logging PEV information for timestep 250.
ID		Status		X		Y
0		0		1492.659		822.208
1		0		1391.838		1134.328
3		0		1260.344		897.874
4		0		1519.09		894.854
5		0		1503.232		851.267
6		0		1521.148		1006.815
7		0		1409.385		1093.215
8		0		1007.406		1107.292
9		0		1257.913		840.061
-1		0		1088.844		1338.382
>>> Logging PEV information for timestep 260.
ID		Status		X		Y
0		0		1545.521		967.5
1		0		1404.534		1012.322
3		0		1316.952		835.069
4		0		1434.247		826.26
5		0		1390.438		829.299
6		0		1404.534		1012.322
7		0		1445.558		1009.094
8		0		1063.16		1215.54
9		0		1125.071		852.604
-1		0		971.686		1304.119
>>> Logging PEV information for timestep 270.
ID		Status		X		Y
0		0		1460.676		1008.638
1		0		1521.148		1006.815
3		0		1332.852		878.86
4		0		1347.232		877.883
5		0		1257.913		840.061
6		0		1292.527		1006.055
7		0		1550.808		982.03
8		0		1074.739		1334.803
9		0		977.469		866.541
-1		0		852.025		1241.071
>>> Logging PEV information for timestep 280.
ID		Status		X		Y
0		0		1363.511		1015.551
1		0		1524.377		909.384
3		0		1258.521		940.265
4		0		1259.129		926.135
5		0		1257.913		954.396
6		0		1171.423		998.434
7		0		1497.945		836.738
8		0		970.914		1274.657
9		0		936.949		958.487
-1		0		916.423		1144.095
>>> Logging PEV information for timestep 290.
ID		Status		X		Y
0		0		1252.595		985.037
1		0		1448.85		825.247
3		0		1306.724		1007.954
4		0		1292.527		1006.055
5		0		1335.117		1011.753
6		0		1039.785		980.269
7		0		1361.232		831.325
8		0		929.37		1150.956
9		0		1069.094		985.263
-1		0		970.142		1245.195
>>> Logging PEV information for timestep 300.
ID		Status		X		Y
0		0		1259.939		869.183
1		0		1361.612		876.907
3		0		1405.505		1028.501
4		0		1404.534		1012.322
5		0		1445.558		1009.094
6		0		929.567		989.316
7		0		1289.712		881.79
8		0		861.651		1213.396
9		0		1202.828		999.203
-1		0		1060.017		1330.42
>>> Logging PEV information for timestep 310.
ID		Status		X		Y
0		0		1154.592		849.817
1		0		1258.926		854.622
3		0		1391.445		1149.71
4		0		1391.838		1134.328
5		0		1556.094		996.559
6		0		890.529		1130.373
7		0		1255.254		969.716
8		0		944.025		1293.183
9		0		1259.129		926.135
-1		0		1063.16		1215.54
>>> Logging PEV information for timestep 320.
ID		Status		X		Y
0		0		1006.99		863.754
1		0		1361.232		831.325
3		0		1430.059		1240.964
4		0		1416.267		1234.414
5		0		1602.72		1145.662
6		0		968.984		1201.002
7		0		1156.805		996.552
8		0		1074.739		1334.803
9		0		1347.232		877.883
-1		0		1079.747		1127.033
>>> Logging PEV information for timestep 330.
ID		Status		X		Y
0		0		941.195		944.785
1		0		1275.332		882.767
3		0		1431.688		1363.889
4		0		1535.592		1291.092
5		0		1597.364		1258.895
6		0		930.195		1287.715
7		0		1025.094		977.158
8		0		1061.087		1199.468
9		0		1302.192		836.317
-1		0		1224.873		1166.635
>>> Logging PEV information for timestep 340.
ID		Status		X		Y
0		0		1054.476		983.381
1		0		1198.872		845.636
3		0		1381.954		1329.639
4		0		1633.864		1230.079
5		0		1483.168		1266.191
6		0		866.464		1199.559
7		0		949.686		917.381
8		0		992.967		1103.352
9		0		1259.736		912.005
-1		0		1232.406		1286.461
>>> Logging PEV information for timestep 350.
ID		Status		X		Y
0		0		1171.423		998.434
1		0		1051.27		859.573
3		0		1390.266		1195.855
4		0		1570.769		1141.241
5		0		1389.475		1208.584
6		0		921.317		1084.697
7		0		1021.75		862.36
8		0		914.804		1050.974
9		0		1218.531		999.588
-1		0		1259.539		1377.645
>>> Logging PEV information for timestep 360.
ID		Status		X		Y
0		0		1306.724		1007.954
1		0		949.686		917.381
3		0		1276.792		1180.803
4		0		1433.687		1185.434
5		0		1276.792		1180.803
6		0		1050.722		1119.112
7		0		1169.352		848.423
8		0		949.686		917.381
9		0		1083.712		987.144
-1		0		1380.031		1360.59
>>> Logging PEV information for timestep 370.
ID		Status		X		Y
0		0		1405.505		1028.501
1		0		1010.403		974.046
3		0		1216.967		1225.092
4		0		1392.231		1118.946
5		0		1213.108		1209.75
6		0		1066.055		1245.356
7		0		1316.952		835.069
8		0		1021.75		862.36
9		0		951.64		961.598
-1		0		1388.684		1221.312
>>> Logging PEV information for timestep 380.
ID		Status		X		Y
0		0		1391.445		1149.71
1		0		1142.186		994.671
3		0		1231.171		1359.698
4		0		1390.86		1013.399
5		0		1232.444		1345.224
6		0		1117.055		1345.54
7		0		1448.85		825.247
8		0		1169.352		848.423
9		0		907.423		1081.803
-1		0		1436.248		1320.249
>>> Logging PEV information for timestep 390.
ID		Status		X		Y
0		0		1385.8		1267.738
1		0		1252.595		985.037
3		0		1117.055		1345.54
4		0		1264.133		1002.256
5		0		1131.16		1349.119
6		0		1231.171		1359.698
7		0		1529.663		923.913
8		0		1260.952		883.744
9		0		1021.844		1111.232
-1		0		1498.989		1398.007
>>> Logging PEV information for timestep 400.
ID		Status		X		Y
0		0		1394.954		1392.021
1		0		1275.332		882.767
3		0		986.408		1308.502
4		0		1260.344		897.874
5		0		1001.13		1312.886
6		0		1216.967		1225.092
7		0		1574.51		1056.574
8		0		1361.358		846.519
9		0		1152.31		1146.834
-1		0		1548.698		1297.317
>>> Logging PEV information for timestep 410.
ID		Status		X		Y
0		0		1439.289		1291.155
1		0		1361.232		831.325
3		0		968.212		1171.54
4		0		1198.872		845.636
5		0		874.873		1265.844
6		0		1166.822		1150.794
7		0		1530.629		1155.715
8		0		1492.659		822.208
9		0		1213.108		1209.75
-1		0		1443.85		1247.515
>>> Logging PEV information for timestep 420.
ID		Status		X		Y
0		0		1535.592		1291.092
1		0		1492.659		822.208
3		0		901.791		1097.993
4		0		1051.27		859.573
5		0		890.529		1130.373
6		0		1052.795		1135.184
7		0		1390.266		1195.855
8		0		1540.235		952.971
9		0		1232.444		1345.224
-1		0		1383.877		1298.688
>>> Logging PEV information for timestep 430.
ID		Status		X		Y
0		0		1527.126		1400.017
1		0		1545.521		967.5
3		0		1007.406		1107.292
4		0		949.686		917.381
5		0		964.09		1095.472
6		0		1068.949		1275.171
7		0		1409.385		1093.215
8		0		1475.794		1008.182
9		0		1131.16		1349.119
-1		0		1333.645		1386.33
>>> Logging PEV information for timestep 440.
ID		Status		X		Y
0		0		1394.954		1392.021
1		0		1460.676		1008.638
3		0		1137.797		1142.874
4		0		918.495		1035.559
5		0		1094.26		1130.993
6		0		1001.13		1312.886
7		0		1445.558		1009.094
8		0		1363.511		1015.551
9		0		1067.502		1260.263
-1		0		1187.581		1363.435
>>> Logging PEV information for timestep 450.
ID		Status		X		Y
0		0		1385.8		1267.738
1		0		1363.511		1015.551
3		0		1263.812		1177.261
4		0		978.528		1099.412
5		0		1224.873		1166.635
6		0		968.984		1201.002
7		0		1560.698		1011.562
8		0		1249.936		1000.357
9		0		1050.722		1119.112
-1		0		1073.291		1319.895
>>> Logging PEV information for timestep 460.
ID		Status		X		Y
0		0		1442.33		1262.062
1		0		1252.595		985.037
3		0		1390.266		1195.855
4		0		1059.014		1183.397
5		0		1236.265		1301.803
6		0		885.716		1144.21
7		0		1607.911		1159.731
8		0		1112.949		990.908
9		0		935.212		1087.592
-1		0		1059.014		1183.397
>>> Logging PEV information for timestep 470.
ID		Status		X		Y
0		0		1411.801		1392.502
1		0		1259.939		869.183
3		0		1409.385		1093.215
4		0		1073.291		1319.895
5		0		1187.581		1363.435
6		0		874.873		1265.844
7		0		1585.198		1268.501
8		0		981.021		967.822
9		0		876.09		1171.885
-1		0		978.528		1099.412
>>> Logging PEV information for timestep 480.
ID		Status		X		Y
0		0		1274.36		1379.382
1		0		1154.592		849.817
3		0		1363.511		1015.551
4		0		1187.581		1363.435
5		0		1060.017		1330.42
6		0		970.528		1259.926
7		0		1530.208		1385.345
8		0		948.528		885.346
9		0		902.534		1276.78
-1		0		918.495		1035.559
>>> Logging PEV information for timestep 490.
ID		Status		X		Y
0		0		1232.406		1286.461
1		0		1006.99		863.754
3		0		1252.595		985.037
4		0		1318.824		1384.593
5		0		970.528		1259.926
6		0		916.423		1144.095
7		0		1428.647		1392.983
8		0		1066.031		858.179
9		0		969.756		1230.464
-1		0		995.712		970.934
>>> Logging PEV information for timestep 500.
ID		Status		X		Y
0		0		1224.873		1166.635
1		0		941.195		944.785
3		0		1275.332		882.767
4		0		1431.688		1363.889
5		0		916.423		1144.095
6		0		918.495		1035.559
7		0		1443.85		1247.515
8		0		1213.632		844.242
9		0		890.529		1130.373
-1		0		1127.568		992.789
>>> Logging PEV information for timestep 510.
ID		Status		X		Y
0		0		1347.713		1190.211
1		0		907.423		1081.803
3		0		1361.232		831.325
4		0		1416.267		1234.414
5		0		856.838		1227.234
6		0		995.712		970.934
7		0		1545.616		1311.989
8		0		1259.129		926.135
9		0		847.212		1254.908
-1		0		1249.936		1000.357
>>> Logging PEV information for timestep 520.
ID		Status		X		Y
0		0		1392.231		1118.946
1		0		866.464		1199.559
3		0		1258.926		854.622
4		0		1381.954		1329.639
5		0		971.686		1304.119
6		0		1127.568		992.789
7		0		1484.921		1397.002
8		0		1202.828		999.203
9		0		986.408		1308.502
-1		0		1377.185		1014.475
>>> Logging PEV information for timestep 530.
ID		Status		X		Y
0		0		1390.86		1013.399
1		0		930.195		1287.715
3		0		1361.612		876.907
4		0		1430.167		1378.436
5		0		968.212		1171.54
6		0		1249.936		1000.357
7		0		1436.248		1320.249
8		0		1069.094		985.263
9		0		1070.397		1290.079
-1		0		1490.912		1007.726
>>> Logging PEV information for timestep 540.
ID		Status		X		Y
0		0		1264.133		1002.256
1		0		968.984		1201.002
3		0		1434.247		826.26
4		0		1456.956		1253.741
5		0		876.09		1171.885
6		0		1377.185		1014.475
7		0		1509.38		1278.641
8		0		936.949		958.487
9		0		1054.868		1151.255
-1		0		1534.949		938.442
>>> Logging PEV information for timestep 550.
ID		Status		X		Y
0		0		1142.186		994.671
1		0		885.716		1144.21
3		0		1524.377		909.384
4		0		1542.534		1326.66
5		0		902.534		1276.78
6		0		1490.912		1007.726
7		0		1621.698		1239.684
8		0		907.423		1081.803
9		0		1152.31		1146.834
-1		0		1478.056		823.221
>>> Logging PEV information for timestep 560.
ID		Status		X		Y
0		0		1010.403		974.046
1		0		874.873		1265.844
3		0		1521.148		1006.815
4		0		1470.852		1395.997
5		0		969.756		1230.464
6		0		1534.949		938.442
7		0		1597.529		1131.592
8		0		968.212		1171.54
9		0		1213.108		1209.75
-1		0		1361.485		861.713
>>> Logging PEV information for timestep 570.
ID		Status		X		Y
0		0		949.686		917.381
1		0		1015.851		1317.269
3		0		1404.534		1012.322
4		0		1380.031		1360.59
5		0		890.529		1130.373
6		0		1478.056		823.221
7		0		1462.634		1178.487
8		0		971.686		1304.119
9		0		1232.444		1345.224
-1		0		1260.952		883.744
>>> Logging PEV information for timestep 580.
ID		Status		X		Y
0		0		1036.51		860.966
1		0		1145.265		1352.698
3		0		1278.33		1004.156
4		0		1388.684		1221.312
5		0		847.212		1254.908
6		0		1361.485		861.713
7		0		1391.838		1134.328
8		0		852.025		1241.071
9		0		1333.645		1386.33
-1		0		1346.472		832.573
>>> Logging PEV information for timestep 590.
ID		Status		X		Y
0		0		1184.112		847.03
1		0		1233.718		1330.75
3		0		1156.805		996.552
4		0		1477.108		1175.013
5		0		986.408		1308.502
6		0		1260.952		883.744
7		0		1404.534		1012.322
8		0		916.423		1144.095
9		0		1470.852		1395.997
-1		0		1304.092		880.814
>>> Logging PEV information for timestep 600.
ID		Status		X		Y
0		0		1331.712		833.821
1		0		1213.108		1209.75
3		0		1025.094		977.158
4		0		1592.925		1116.588
5		0		1117.055		1345.54
6		0		1249.936		1000.357
7		0		1292.527		1006.055
8		0		970.142		1245.195
9		0		1542.534		1326.66
-1		0		1287.433		837.565
>>> Logging PEV information for timestep 610.
ID		Status		X		Y
0		0		1463.453		824.234
1		0		1137.797		1142.874
3		0		949.686		917.381
4		0		1545.521		967.5
5		0		1244.718		1375.908
6		0		1377.185		1014.475
7		0		1259.129		926.135
8		0		888.703		1271.312
9		0		1633.864		1230.079
-1		0		1361.612		876.907
>>> Logging PEV information for timestep 620.
ID		Status		X		Y
0		0		1534.949		938.442
1		0		1007.406		1107.292
3		0		1021.75		862.36
4		0		1492.659		822.208
5		0		1394.954		1392.021
6		0		1490.912		1007.726
7		0		1347.232		877.883
8		0		880.903		1158.047
9		0		1584.149		1136.417
-1		0		1259.736		912.005
>>> Logging PEV information for timestep 630.
ID		Status		X		Y
0		0		1490.912		1007.726
1		0		901.791		1097.993
3		0		1169.352		848.423
4		0		1361.232		831.325
5		0		1439.289		1291.155
6		0		1574.51		1056.574
7		0		1419.644		827.273
8		0		922.186		1020.145
9		0		1448.161		1181.961
-1		0		1278.33		1004.156
>>> Logging PEV information for timestep 640.
ID		Status		X		Y
0		0		1406.475		1044.679
1		0		856.838		1227.234
3		0		1316.952		835.069
4		0		1259.939		869.183
5		0		1535.592		1291.092
6		0		1530.629		1155.715
7		0		1519.09		894.854
8		0		949.107		901.364
9		0		1416.267		1234.414
-1		0		1404.534		1012.322
>>> Logging PEV information for timestep 650.
ID		Status		X		Y
0		0		1391.052		1165.091
1		0		971.686		1304.119
3		0		1448.85		825.247
4		0		1252.595		985.037
5		0		1527.126		1400.017
6		0		1390.266		1195.855
7		0		1521.148		1006.815
8		0		1051.27		859.573
9		0		1433.208		1349.342
-1		0		1521.148		1006.815
>>> Logging PEV information for timestep 660.
ID		Status		X		Y
0		0		1443.85		1247.515
1		0		1088.844		1338.382
3		0		1529.663		923.913
4		0		1142.186		994.671
5		0		1394.954		1392.021
6		0		1409.385		1093.215
7		0		1404.534		1012.322
8		0		1198.872		845.636
9		0		1333.645		1386.33
-1		0		1524.377		909.384
>>> Logging PEV information for timestep 670.
ID		Status		X		Y
0		0		1548.698		1297.317
1		0		1229.897		1374.172
3		0		1506.03		1007.27
4		0		1010.403		974.046
5		0		1385.8		1267.738
6		0		1363.511		1015.551
7		0		1392.231		1118.946
8		0		1346.472		832.573
9		0		1233.718		1330.75
-1		0		1448.85		825.247
>>> Logging PEV information for timestep 680.
ID		Status		X		Y
0		0		1623.483		1201.94
1		0		1378.108		1391.54
3		0		1390.86		1013.399
4		0		949.686		917.381
5		0		1442.33		1262.062
6		0		1234.234		999.973
7		0		1448.161		1181.961
8		0		1304.092		880.814
9		0		1213.108		1209.75
-1		0		1302.192		836.317
>>> Logging PEV information for timestep 690.
ID		Status		X		Y
0		0		1544.009		1150.89
1		0		1498.989		1398.007
3		0		1264.133		1002.256
4		0		1036.51		860.966
5		0		1411.801		1392.502
6		0		1098.331		989.026
7		0		1570.769		1141.241
8		0		1287.433		837.565
9		0		1137.797		1142.874
-1		0		1169.352		848.423
>>> Logging PEV information for timestep 700.
ID		Status		X		Y
0		0		1404.74		1192.382
1		0		1548.698		1297.317
3		0		1260.344		897.874
4		0		1184.112		847.03
5		0		1274.36		1379.382
6		0		966.331		964.71
7		0		1633.864		1230.079
8		0		1419.644		827.273
9		0		1056.941		1167.326
-1		0		1021.75		862.36
>>> Logging PEV information for timestep 710.
ID		Status		X		Y
0		0		1276.792		1180.803
1		0		1443.85		1247.515
3		0		1316.952		835.069
4		0		1275.332		882.767
5		0		1232.406		1286.461
6		0		911.113		1066.388
7		0		1542.534		1326.66
8		0		1519.09		894.854
9		0		1071.844		1304.987
-1		0		945.44		931.083
>>> Logging PEV information for timestep 720.
ID		Status		X		Y
0		0		1213.108		1209.75
1		0		1383.877		1298.688
3		0		1332.852		878.86
4		0		1361.232		831.325
5		0		1224.873		1166.635
6		0		1007.406		1107.292
7		0		1470.852		1395.997
8		0		1565.302		1026.566
9		0		1173.476		1359.856
-1		0		911.113		1066.388
>>> Logging PEV information for timestep 730.
ID		Status		X		Y
0		0		1232.444		1345.224
1		0		1428.647		1392.983
3		0		1258.521		940.265
4		0		1492.659		822.208
5		0		1079.747		1127.033
6		0		1063.16		1215.54
7		0		1437.769		1305.702
8		0		1557.389		1146.066
9		0		1304.002		1382.856
-1		0		871.277		1185.722
>>> Logging PEV information for timestep 740.
ID		Status		X		Y
0		0		1333.645		1386.33
1		0		1443.85		1247.515
3		0		1187.126		998.819
4		0		1545.521		967.5
5		0		1063.16		1215.54
6		0		1074.739		1334.803
7		0		1522.486		1284.867
8		0		1419.213		1188.908
9		0		1382.915		1314.164
-1		0		916.364		1282.247
>>> Logging PEV information for timestep 750.
ID		Status		X		Y
0		0		1433.208		1349.342
1		0		1548.698		1297.317
3		0		1054.476		983.381
4		0		1460.676		1008.638
5		0		1060.017		1330.42
6		0		1215.792		1370.593
7		0		1527.126		1400.017
8		0		1443.85		1247.515
9		0		1430.059		1240.964
-1		0		969.37		1215.733
>>> Logging PEV information for timestep 760.
ID		Status		X		Y
0		0		1483.168		1266.191
1		0		1498.989		1398.007
3		0		936.949		958.487
4		0		1408.415		1077.036
5		0		930.195		1287.715
6		0		1228.546		1271.119
7		0		1411.801		1392.502
8		0		1428.647		1392.983
9		0		1548.698		1297.317
-1		0		890.529		1130.373
>>> Logging PEV information for timestep 770.
ID		Status		X		Y
0		0		1536.371		1356.003
1		0		1434.728		1334.796
3		0		901.791		1097.993
4		0		1390.266		1195.855
5		0		866.464		1199.559
6		0		1210.36		1162.675
7		0		1384.838		1283.213
8		0		1530.208		1385.345
9		0		1513.058		1399.012
-1		0		861.042		1260.376
>>> Logging PEV information for timestep 780.
ID		Status		X		Y
0		0		1442.715		1393.987
1		0		1388.684		1221.312
3		0		856.838		1227.234
4		0		1503.868		1165.364
5		0		911.113		1066.388
6		0		1065.234		1123.073
7		0		1361.897		1192.092
8		0		1509.38		1278.641
9		0		1378.108		1391.54
-1		0		970.914		1274.657
>>> Logging PEV information for timestep 790.
ID		Status		X		Y
0		0		1440.809		1276.609
1		0		1380.031		1360.59
3		0		971.686		1304.119
4		0		1613.101		1173.801
5		0		966.331		964.71
6		0		935.212		1087.592
7		0		1237.853		1170.177
8		0		1437.769		1305.702
9		0		1229.897		1374.172
-1		0		929.37		1150.956
>>> Logging PEV information for timestep 800.
ID		Status		X		Y
0		0		1548.698		1297.317
1		0		1470.852		1395.997
3		0		968.212		1171.54
4		0		1573.031		1278.106
5		0		1098.331		989.026
6		0		916.423		1144.095
7		0		1228.546		1271.119
8		0		1378.108		1391.54
9		0		1102.949		1341.961
-1		0		935.212		1087.592
>>> Logging PEV information for timestep 810.
ID		Status		X		Y
0		0		1628.674		1216.009
1		0		1542.534		1326.66
3		0		907.423		1081.803
4		0		1527.126		1400.017
5		0		1234.234		999.973
6		0		970.142		1245.195
7		0		1244.718		1375.908
8		0		1229.897		1374.172
9		0		971.686		1304.119
-1		0		1050.722		1119.112
>>> Logging PEV information for timestep 820.
ID		Status		X		Y
0		0		1557.389		1146.066
1		0		1633.864		1230.079
3		0		1021.844		1111.232
4		0		1430.167		1378.436
5		0		1260.344		897.874
6		0		1060.017		1330.42
7		0		1394.954		1392.021
8		0		1088.844		1338.382
9		0		968.212		1171.54
-1		0		1195.848		1158.715
>>> Logging PEV information for timestep 830.
ID		Status		X		Y
0		0		1419.213		1188.908
1		0		1584.149		1136.417
3		0		1063.16		1215.54
4		0		1430.059		1240.964
5		0		1316.952		835.069
6		0		1063.16		1215.54
7		0		1527.126		1400.017
8		0		1063.16		1215.54
9		0		876.09		1171.885
-1		0		1224.686		1255.777
>>> Logging PEV information for timestep 840.
ID		Status		X		Y
0		0		1290.976		1182.684
1		0		1448.161		1181.961
3		0		1088.844		1338.382
4		0		1347.713		1190.211
5		0		1448.85		825.247
6		0		1079.747		1127.033
7		0		1535.592		1291.092
8		0		1021.844		1111.232
9		0		902.534		1276.78
-1		0		1229.897		1374.172
>>> Logging PEV information for timestep 850.
ID		Status		X		Y
0		0		1181.335		1154.754
1		0		1386.761		1252.263
3		0		1229.897		1374.172
4		0		1224.873		1166.635
5		0		1529.663		923.913
6		0		1224.873		1166.635
7		0		1440.809		1276.609
8		0		907.423		1081.803
9		0		969.756		1230.464
-1		0		1378.108		1391.54
>>> Logging PEV information for timestep 860.
ID		Status		X		Y
0		0		1050.722		1119.112
1		0		1378.108		1391.54
3		0		1378.108		1391.54
4		0		1232.406		1286.461
5		0		1574.51		1056.574
6		0		1232.406		1286.461
7		0		1394.954		1392.021
8		0		941.195		944.785
9		0		890.529		1130.373
-1		0		1513.058		1399.012
>>> Logging PEV information for timestep 870.
ID		Status		X		Y
0		0		921.317		1084.697
1		0		1229.897		1374.172
3		0		1386.761		1252.263
4		0		1201.686		1367.014
5		0		1623.483		1201.94
6		0		1201.686		1367.014
7		0		1259.539		1377.645
8		0		992.23		865.147
9		0		925.877		1004.73
-1		0		1548.698		1297.317
>>> Logging PEV information for timestep 880.
ID		Status		X		Y
0		0		871.277		1185.722
1		0		1088.844		1338.382
3		0		1333.529		1188.329
4		0		1074.739		1334.803
5		0		1548.698		1297.317
6		0		1074.739		1334.803
7		0		1228.546		1271.119
8		0		1139.832		851.211
9		0		948.528		885.346
-1		0		1430.059		1240.964
>>> Logging PEV information for timestep 890.
ID		Status		X		Y
0		0		916.364		1282.247
1		0		971.686		1304.119
3		0		1224.873		1166.635
4		0		970.914		1274.657
5		0		1513.058		1399.012
6		0		1061.087		1199.468
7		0		1210.36		1162.675
8		0		1287.433		837.565
9		0		1066.031		858.179
-1		0		1347.713		1190.211
>>> Logging PEV information for timestep 900.
ID		Status		X		Y
0		0		969.37		1215.733
1		0		955.265		1164.678
3		0		1079.747		1127.033
4		0		929.37		1150.956
5		0		1378.108		1391.54
6		0		992.967		1103.352
7		0		1065.234		1123.073
8		0		1419.644		827.273
9		0		1213.632		844.242
-1		0		1224.873		1166.635
>>> Logging PEV information for timestep 910.
ID		Status		X		Y
0		0		890.529		1130.373
1		0		871.277		1185.722
3		0		1063.16		1215.54
4		0		861.651		1213.396
5		0		1229.897		1374.172
6		0		914.804		1050.974
7		0		935.212		1087.592
8		0		1519.09		894.854
9		0		1361.232		831.325
-1		0		1232.406		1286.461
>>> Logging PEV information for timestep 920.
ID		Status		X		Y
0		0		929.567		989.316
1		0		916.364		1282.247
3		0		1060.017		1330.42
4		0		944.025		1293.183
5		0		1224.686		1255.777
6		0		949.686		917.381
7		0		916.423		1144.095
8		0		1521.148		1006.815
9		0		1289.712		881.79
-1		0		1201.686		1367.014
>>> Logging PEV information for timestep 930.
ID		Status		X		Y
0		0		947.949		869.328
1		0		1060.017		1330.42
3		0		970.528		1259.926
4		0		1074.739		1334.803
5		0		1250.832		1173.719
6		0		1021.75		862.36
7		0		970.142		1245.195
8		0		1404.534		1012.322
9		0		1255.254		969.716
-1		0		1074.739		1334.803
>>> Logging PEV information for timestep 940.
ID		Status		X		Y
0		0		1080.791		856.785
1		0		1063.16		1215.54
3		0		916.423		1144.095
4		0		1061.087		1199.468
5		0		1376.082		1193.974
6		0		1169.352		848.423
7		0		888.703		1271.312
8		0		1292.527		1006.055
9		0		1156.805		996.552
-1		0		1061.087		1199.468
>>> Logging PEV information for timestep 950.
ID		Status		X		Y
0		0		1228.393		842.849
1		0		1079.747		1127.033
3		0		935.212		1087.592
4		0		1108.772		1134.953
5		0		1490.488		1170.189
6		0		1260.952		883.744
7		0		880.903		1158.047
8		0		1171.423		998.434
9		0		1025.094		977.158
-1		0		1108.772		1134.953
>>> Logging PEV information for timestep 960.
ID		Status		X		Y
0		0		1361.232		831.325
1		0		1224.873		1166.635
3		0		1065.234		1123.073
4		0		1237.853		1170.177
5		0		1607.911		1159.731
6		0		1249.936		1000.357
7		0		922.186		1020.145
8		0		1039.785		980.269
9		0		949.686		917.381
-1		0		1237.853		1170.177
>>> Logging PEV information for timestep 970.
ID		Status		X		Y
0		0		1497.945		836.738
1		0		1333.529		1188.329
3		0		1210.36		1162.675
4		0		1361.897		1192.092
5		0		1585.198		1268.501
6		0		1377.185		1014.475
7		0		1010.403		974.046
8		0		929.567		989.316
9		0		1021.75		862.36
-1		0		1361.897		1192.092
>>> Logging PEV information for timestep 980.
ID		Status		X		Y
0		0		1550.808		982.03
1		0		1386.761		1252.263
3		0		1319.345		1186.448
4		0		1400.808		1106.08
5		0		1530.208		1385.345
6		0		1490.912		1007.726
7		0		1142.186		994.671
8		0		890.529		1130.373
9		0		1169.352		848.423
-1		0		1384.838		1283.213
>>> Logging PEV information for timestep 990.
ID		Status		X		Y
0		0		1597.529		1131.592
1		0		1378.108		1391.54
3		0		1402.476		1227.863
4		0		1377.185		1014.475
5		0		1428.647		1392.983
6		0		1534.949		938.442
7		0		1252.595		985.037
8		0		968.984		1201.002
9		0		1260.952		883.744
-1		0		1348.466		1388.066
>>> Logging PEV information for timestep 1000.
ID		Status		X		Y
0		0		1477.108		1175.013
1		0		1229.897		1374.172
3		0		1434.728		1334.796
4		0		1249.936		1000.357
5		0		1443.85		1247.515
6		0		1478.056		823.221
7		0		1275.332		882.767
8		0		1015.851		1317.269
9		0		1249.936		1000.357
-1		0		1232.444		1345.224
