Simulation initialized.
Using LogStatus type of DetailedPrint.
>>> Logging PEV information for timestep 1.
ID		Status		X		Y
0		0	876.09	1171.885
1		0	866.464	1199.559
2		0	1331.712	833.821
3		0	941.195	944.785
4		0	1059.014	1183.397
5		0	1125.071	852.604
6		0	969.37	1215.733
7		0	929.37	1150.956
8		0	1506.03	1007.27
9		0	1419.644	827.273
-1		0	1445.558	1009.094
>>> Logging PEV information for timestep 2.
ID		Status		X		Y
0		0	871.277	1185.722
1		0	861.651	1213.396
2		0	1316.952	835.069
3		0	945.44	931.083
5		0	1139.832	851.211
6		0	968.984	1201.002
7		0	942.318	1157.817
8		0	1490.912	1007.726
9		0	1405.041	828.286
-1		0	1445.558	1009.094
>>> Logging PEV information for timestep 3.
ID		Status		X		Y
0		0	866.464	1199.559
1		0	856.838	1227.234
2		0	1302.192	836.317
3		0	949.686	917.381
5		0	1154.592	849.817
6		0	968.984	1201.002
7		0	955.265	1164.678
8		0	1490.912	1007.726
9		0	1390.438	829.299
-1		0	1431.883	1010.17
>>> Logging PEV information for timestep 4.
ID		Status		X		Y
0		0	861.651	1213.396
1		0	847.212	1254.908
2		0	1287.433	837.565
3		0	949.686	917.381
5		0	1169.352	848.423
6		0	968.212	1171.54
7		0	968.212	1171.54
8		0	1475.794	1008.182
9		0	1361.232	831.325
-1		0	1418.209	1011.246
>>> Logging PEV information for timestep 5.
ID		Status		X		Y
0		0	856.838	1227.234
1		0	847.212	1254.908
2		0	1287.433	837.565
3		0	949.107	901.364
5		0	1184.112	847.03
6		0	968.212	1171.54
7		0	968.212	1171.54
8		0	1445.558	1009.094
9		0	1361.232	831.325
-1		0	1404.534	1012.322
>>> Logging PEV information for timestep 6.
ID		Status		X		Y
0		0	847.212	1254.908
1		0	861.042	1260.376
2		0	1257.913	840.061
3		0	948.528	885.346
5		0	1198.872	845.636
6		0	955.265	1164.678
7		0	968.598	1186.271
8		0	1445.558	1009.094
9		0	1361.358	846.519
-1		0	1404.534	1012.322
>>> Logging PEV information for timestep 7.
ID		Status		X		Y
0		0	847.212	1254.908
1		0	874.873	1265.844
2		0	1257.913	840.061
3		0	947.949	869.328
5		0	1213.632	844.242
6		0	942.318	1157.817
7		0	968.984	1201.002
8		0	1431.883	1010.17
9		0	1361.485	861.713
-1		0	1390.86	1013.399
>>> Logging PEV information for timestep 8.
ID		Status		X		Y
0		0	861.042	1260.376
1		0	888.703	1271.312
2		0	1258.926	854.622
3		0	947.949	869.328
5		0	1228.393	842.849
6		0	929.37	1150.956
7		0	969.37	1215.733
8		0	1418.209	1011.246
9		0	1361.612	876.907
-1		0	1377.185	1014.475
>>> Logging PEV information for timestep 9.
ID		Status		X		Y
0		0	874.873	1265.844
1		0	902.534	1276.78
2		0	1259.939	869.183
3		0	962.709	867.935
5		0	1243.153	841.455
6		0	916.423	1144.095
7		0	969.756	1230.464
8		0	1404.534	1012.322
9		0	1361.612	876.907
-1		0	1363.511	1015.551
>>> Logging PEV information for timestep 10.
ID		Status		X		Y
0		0	888.703	1271.312
1		0	916.364	1282.247
2		0	1260.952	883.744
3		0	977.469	866.541
5		0	1257.913	840.061
6		0	903.476	1137.234
7		0	970.142	1245.195
8		0	1404.534	1012.322
9		0	1347.232	877.883
-1		0	1363.511	1015.551
>>> Logging PEV information for timestep 11.
ID		Status		X		Y
0		0	902.534	1276.78
1		0	930.195	1287.715
2		0	1260.952	883.744
3		0	992.23	865.147
5		0	1257.913	840.061
6		0	890.529	1130.373
7		0	970.528	1259.926
8		0	1390.86	1013.399
9		0	1332.852	878.86
-1		0	1349.314	1013.652
>>> Logging PEV information for timestep 12.
ID		Status		X		Y
0		0	916.364	1282.247
1		0	944.025	1293.183
2		0	1260.344	897.874
3		0	1006.99	863.754
5		0	1258.926	854.622
6		0	890.529	1130.373
7		0	970.914	1274.657
8		0	1377.185	1014.475
9		0	1318.472	879.837
-1		0	1335.117	1011.753
>>> Logging PEV information for timestep 13.
ID		Status		X		Y
0		0	930.195	1287.715
1		0	971.686	1304.119
2		0	1259.736	912.005
3		0	1021.75	862.36
5		0	1259.939	869.183
6		0	885.716	1144.21
7		0	971.686	1304.119
8		0	1363.511	1015.551
9		0	1304.092	880.814
-1		0	1320.92	1009.853
>>> Logging PEV information for timestep 14.
ID		Status		X		Y
0		0	944.025	1293.183
1		0	971.686	1304.119
2		0	1259.129	926.135
3		0	1036.51	860.966
5		0	1260.952	883.744
6		0	880.903	1158.047
7		0	971.686	1304.119
8		0	1363.511	1015.551
9		0	1289.712	881.79
-1		0	1306.724	1007.954
>>> Logging PEV information for timestep 15.
ID		Status		X		Y
0		0	971.686	1304.119
1		0	986.408	1308.502
2		0	1258.521	940.265
3		0	1051.27	859.573
5		0	1260.952	883.744
6		0	876.09	1171.885
7		0	957.856	1298.651
8		0	1349.314	1013.652
9		0	1275.332	882.767
-1		0	1292.527	1006.055
>>> Logging PEV information for timestep 16.
ID		Status		X		Y
0		0	971.686	1304.119
1		0	1001.13	1312.886
2		0	1257.913	954.396
3		0	1066.031	858.179
5		0	1275.332	882.767
6		0	871.277	1185.722
7		0	944.025	1293.183
8		0	1335.117	1011.753
9		0	1260.952	883.744
-1		0	1278.33	1004.156
>>> Logging PEV information for timestep 17.
ID		Status		X		Y
0		0	971.3	1289.388
1		0	1015.851	1317.269
2		0	1257.913	954.396
3		0	1080.791	856.785
5		0	1289.712	881.79
6		0	866.464	1199.559
7		0	930.195	1287.715
8		0	1320.92	1009.853
9		0	1260.952	883.744
-1		0	1264.133	1002.256
>>> Logging PEV information for timestep 18.
ID		Status		X		Y
0		0	970.914	1274.657
1		0	1030.573	1321.653
2		0	1255.254	969.716
3		0	1095.551	855.392
5		0	1304.092	880.814
6		0	861.651	1213.396
7		0	916.364	1282.247
8		0	1306.724	1007.954
9		0	1260.344	897.874
-1		0	1249.936	1000.357
>>> Logging PEV information for timestep 19.
ID		Status		X		Y
0		0	970.528	1259.926
1		0	1045.295	1326.036
2		0	1252.595	985.037
3		0	1110.311	853.998
5		0	1318.472	879.837
6		0	856.838	1227.234
7		0	902.534	1276.78
8		0	1292.527	1006.055
9		0	1259.736	912.005
-1		0	1249.936	1000.357
>>> Logging PEV information for timestep 20.
ID		Status		X		Y
0		0	970.142	1245.195
1		0	1060.017	1330.42
2		0	1249.936	1000.357
3		0	1125.071	852.604
5		0	1332.852	878.86
6		0	847.212	1254.908
7		0	888.703	1271.312
8		0	1278.33	1004.156
9		0	1259.129	926.135
-1		0	1252.595	985.037
>>> Logging PEV information for timestep 21.
ID		Status		X		Y
0		0	969.756	1230.464
1		0	1074.739	1334.803
2		0	1249.936	1000.357
3		0	1139.832	851.211
5		0	1347.232	877.883
6		0	847.212	1254.908
7		0	874.873	1265.844
8		0	1264.133	1002.256
9		0	1258.521	940.265
-1		0	1255.254	969.716
>>> Logging PEV information for timestep 22.
ID		Status		X		Y
0		0	969.37	1215.733
1		0	1074.739	1334.803
2		0	1264.133	1002.256
3		0	1154.592	849.817
5		0	1361.612	876.907
6		0	861.042	1260.376
7		0	847.212	1254.908
8		0	1249.936	1000.357
9		0	1257.913	954.396
-1		0	1257.913	954.396
>>> Logging PEV information for timestep 23.
ID		Status		X		Y
0		0	968.984	1201.002
1		0	1088.844	1338.382
2		0	1278.33	1004.156
3		0	1169.352	848.423
5		0	1361.612	876.907
6		0	874.873	1265.844
7		0	847.212	1254.908
8		0	1249.936	1000.357
9		0	1257.913	954.396
-1		0	1257.913	954.396
>>> Logging PEV information for timestep 24.
ID		Status		X		Y
0		0	968.212	1171.54
1		0	1102.949	1341.961
2		0	1292.527	1006.055
3		0	1184.112	847.03
5		0	1361.485	861.713
6		0	888.703	1271.312
7		0	852.025	1241.071
8		0	1252.595	985.037
9		0	1255.254	969.716
-1		0	1258.521	940.265
>>> Logging PEV information for timestep 25.
ID		Status		X		Y
0		0	968.212	1171.54
1		0	1117.055	1345.54
2		0	1306.724	1007.954
3		0	1198.872	845.636
5		0	1361.358	846.519
6		0	902.534	1276.78
7		0	856.838	1227.234
8		0	1255.254	969.716
9		0	1252.595	985.037
-1		0	1259.129	926.135
>>> Logging PEV information for timestep 26.
ID		Status		X		Y
0		0	955.265	1164.678
1		0	1131.16	1349.119
2		0	1320.92	1009.853
3		0	1213.632	844.242
5		0	1361.232	831.325
6		0	916.364	1282.247
7		0	861.651	1213.396
8		0	1257.913	954.396
9		0	1249.936	1000.357
-1		0	1259.736	912.005
>>> Logging PEV information for timestep 27.
ID		Status		X		Y
0		0	942.318	1157.817
1		0	1145.265	1352.698
2		0	1335.117	1011.753
3		0	1228.393	842.849
5		0	1361.232	831.325
6		0	930.195	1287.715
7		0	866.464	1199.559
8		0	1257.913	954.396
9		0	1249.936	1000.357
-1		0	1260.344	897.874
>>> Logging PEV information for timestep 28.
ID		Status		X		Y
0		0	929.37	1150.956
1		0	1159.371	1356.277
2		0	1349.314	1013.652
3		0	1257.913	840.061
5		0	1346.472	832.573
6		0	944.025	1293.183
7		0	871.277	1185.722
8		0	1258.521	940.265
9		0	1234.234	999.973
-1		0	1260.952	883.744
>>> Logging PEV information for timestep 29.
ID		Status		X		Y
0		0	916.423	1144.095
1		0	1173.476	1359.856
2		0	1363.511	1015.551
3		0	1257.913	840.061
5		0	1331.712	833.821
6		0	971.686	1304.119
7		0	876.09	1171.885
8		0	1259.129	926.135
9		0	1218.531	999.588
-1		0	1260.952	883.744
>>> Logging PEV information for timestep 30.
ID		Status		X		Y
0		0	903.476	1137.234
1		0	1187.581	1363.435
2		0	1363.511	1015.551
3		0	1272.673	838.813
5		0	1316.952	835.069
6		0	971.686	1304.119
7		0	880.903	1158.047
8		0	1259.736	912.005
9		0	1202.828	999.203
-1		0	1259.939	869.183
>>> Logging PEV information for timestep 31.
ID		Status		X		Y
0		0	890.529	1130.373
1		0	1201.686	1367.014
2		0	1377.185	1014.475
3		0	1287.433	837.565
5		0	1302.192	836.317
6		0	986.408	1308.502
7		0	890.529	1130.373
8		0	1260.344	897.874
9		0	1187.126	998.819
-1		0	1258.926	854.622
>>> Logging PEV information for timestep 32.
ID		Status		X		Y
0		0	890.529	1130.373
1		0	1215.792	1370.593
2		0	1390.86	1013.399
3		0	1302.192	836.317
5		0	1287.433	837.565
6		0	1001.13	1312.886
7		0	890.529	1130.373
8		0	1260.952	883.744
9		0	1171.423	998.434
-1		0	1257.913	840.061
>>> Logging PEV information for timestep 33.
ID		Status		X		Y
0		0	885.716	1144.21
1		0	1229.897	1374.172
2		0	1404.534	1012.322
3		0	1316.952	835.069
5		0	1272.673	838.813
6		0	1015.851	1317.269
7		0	896.16	1114.183
8		0	1260.952	883.744
9		0	1171.423	998.434
-1		0	1257.913	840.061
>>> Logging PEV information for timestep 34.
ID		Status		X		Y
0		0	880.903	1158.047
1		0	1229.897	1374.172
2		0	1404.534	1012.322
3		0	1331.712	833.821
5		0	1257.913	840.061
6		0	1030.573	1321.653
7		0	901.791	1097.993
8		0	1259.939	869.183
9		0	1156.805	996.552
-1		0	1243.153	841.455
>>> Logging PEV information for timestep 35.
ID		Status		X		Y
0		0	876.09	1171.885
1		0	1244.718	1375.908
2		0	1405.505	1028.501
3		0	1346.472	832.573
5		0	1257.913	840.061
6		0	1045.295	1326.036
7		0	907.423	1081.803
8		0	1258.926	854.622
9		0	1142.186	994.671
-1		0	1228.393	842.849
>>> Logging PEV information for timestep 36.
ID		Status		X		Y
0		0	871.277	1185.722
1		0	1259.539	1377.645
2		0	1406.475	1044.679
3		0	1361.232	831.325
5		0	1243.153	841.455
6		0	1060.017	1330.42
7		0	907.423	1081.803
8		0	1257.913	840.061
9		0	1127.568	992.789
-1		0	1213.632	844.242
>>> Logging PEV information for timestep 37.
ID		Status		X		Y
0		0	866.464	1199.559
1		0	1274.36	1379.382
2		0	1407.445	1060.858
3		0	1361.232	831.325
5		0	1228.393	842.849
6		0	1074.739	1334.803
7		0	911.113	1066.388
8		0	1257.913	840.061
9		0	1112.949	990.908
-1		0	1198.872	845.636
>>> Logging PEV information for timestep 38.
ID		Status		X		Y
0		0	861.651	1213.396
1		0	1289.181	1381.119
2		0	1408.415	1077.036
3		0	1361.358	846.519
5		0	1213.632	844.242
6		0	1074.739	1334.803
7		0	914.804	1050.974
8		0	1243.153	841.455
9		0	1098.331	989.026
-1		0	1184.112	847.03
>>> Logging PEV information for timestep 39.
ID		Status		X		Y
0		0	856.838	1227.234
1		0	1304.002	1382.856
2		0	1409.385	1093.215
3		0	1361.485	861.713
5		0	1198.872	845.636
6		0	1088.844	1338.382
7		0	918.495	1035.559
8		0	1228.393	842.849
9		0	1083.712	987.144
-1		0	1169.352	848.423
>>> Logging PEV information for timestep 40.
ID		Status		X		Y
0		0	847.212	1254.908
1		0	1318.824	1384.593
2		0	1409.385	1093.215
3		0	1361.612	876.907
5		0	1184.112	847.03
6		0	1102.949	1341.961
7		0	922.186	1020.145
8		0	1213.632	844.242
9		0	1069.094	985.263
-1		0	1154.592	849.817
>>> Logging PEV information for timestep 41.
ID		Status		X		Y
0		0	847.212	1254.908
1		0	1333.645	1386.33
2		0	1400.808	1106.08
3		0	1361.612	876.907
5		0	1169.352	848.423
6		0	1117.055	1345.54
7		0	925.877	1004.73
8		0	1198.872	845.636
9		0	1054.476	983.381
-1		0	1139.832	851.211
>>> Logging PEV information for timestep 42.
ID		Status		X		Y
0		0	861.042	1260.376
1		0	1348.466	1388.066
2		0	1392.231	1118.946
3		0	1347.232	877.883
5		0	1154.592	849.817
6		0	1131.16	1349.119
7		0	929.567	989.316
8		0	1184.112	847.03
9		0	1054.476	983.381
-1		0	1125.071	852.604
>>> Logging PEV information for timestep 43.
ID		Status		X		Y
0		0	874.873	1265.844
1		0	1378.108	1391.54
2		0	1392.231	1118.946
3		0	1332.852	878.86
5		0	1139.832	851.211
6		0	1145.265	1352.698
7		0	933.258	973.901
8		0	1169.352	848.423
9		0	1039.785	980.269
-1		0	1110.311	853.998
>>> Logging PEV information for timestep 44.
ID		Status		X		Y
0		0	888.703	1271.312
1		0	1378.108	1391.54
2		0	1391.838	1134.328
3		0	1318.472	879.837
5		0	1125.071	852.604
6		0	1159.371	1356.277
7		0	936.949	958.487
8		0	1154.592	849.817
9		0	1025.094	977.158
-1		0	1095.551	855.392
>>> Logging PEV information for timestep 45.
ID		Status		X		Y
0		0	902.534	1276.78
1		0	1379.069	1376.065
2		0	1391.445	1149.71
3		0	1304.092	880.814
5		0	1110.311	853.998
6		0	1173.476	1359.856
7		0	936.949	958.487
8		0	1139.832	851.211
9		0	1010.403	974.046
-1		0	1080.791	856.785
>>> Logging PEV information for timestep 46.
ID		Status		X		Y
0		0	916.364	1282.247
1		0	1380.031	1360.59
2		0	1391.052	1165.091
3		0	1289.712	881.79
5		0	1095.551	855.392
6		0	1187.581	1363.435
7		0	951.64	961.598
8		0	1125.071	852.604
9		0	995.712	970.934
-1		0	1066.031	858.179
>>> Logging PEV information for timestep 47.
ID		Status		X		Y
0		0	930.195	1287.715
1		0	1380.992	1345.114
2		0	1390.659	1180.473
3		0	1275.332	882.767
5		0	1080.791	856.785
6		0	1201.686	1367.014
7		0	966.331	964.71
8		0	1110.311	853.998
9		0	981.021	967.822
-1		0	1051.27	859.573
>>> Logging PEV information for timestep 48.
ID		Status		X		Y
0		0	944.025	1293.183
1		0	1381.954	1329.639
2		0	1390.266	1195.855
3		0	1260.952	883.744
5		0	1066.031	858.179
6		0	1215.792	1370.593
7		0	981.021	967.822
8		0	1095.551	855.392
9		0	966.331	964.71
-1		0	1036.51	860.966
>>> Logging PEV information for timestep 49.
ID		Status		X		Y
0		0	971.686	1304.119
1		0	1382.915	1314.164
2		0	1390.266	1195.855
3		0	1260.952	883.744
5		0	1051.27	859.573
6		0	1229.897	1374.172
7		0	995.712	970.934
8		0	1080.791	856.785
9		0	951.64	961.598
-1		0	1021.75	862.36
>>> Logging PEV information for timestep 50.
ID		Status		X		Y
0		0	971.686	1304.119
1		0	1383.877	1298.688
2		0	1389.475	1208.584
3		0	1260.344	897.874
5		0	1036.51	860.966
6		0	1229.897	1374.172
7		0	1010.403	974.046
8		0	1066.031	858.179
9		0	936.949	958.487
-1		0	1006.99	863.754
>>> Logging PEV information for timestep 51.
ID		Status		X		Y
0		0	971.3	1289.388
1		0	1384.838	1283.213
2		0	1388.684	1221.312
3		0	1259.736	912.005
5		0	1021.75	862.36
6		0	1244.718	1375.908
7		0	1025.094	977.158
8		0	1051.27	859.573
9		0	936.949	958.487
-1		0	992.23	865.147
>>> Logging PEV information for timestep 52.
ID		Status		X		Y
0		0	970.914	1274.657
1		0	1385.8	1267.738
2		0	1388.684	1221.312
3		0	1259.129	926.135
5		0	1006.99	863.754
6		0	1259.539	1377.645
7		0	1039.785	980.269
8		0	1036.51	860.966
9		0	941.195	944.785
-1		0	977.469	866.541
>>> Logging PEV information for timestep 53.
ID		Status		X		Y
0		0	970.528	1259.926
1		0	1386.761	1252.263
2		0	1387.723	1236.787
3		0	1258.521	940.265
5		0	992.23	865.147
6		0	1274.36	1379.382
7		0	1054.476	983.381
8		0	1021.75	862.36
9		0	945.44	931.083
-1		0	947.949	869.328
>>> Logging PEV information for timestep 54.
ID		Status		X		Y
0		0	970.142	1245.195
1		0	1387.723	1236.787
2		0	1386.761	1252.263
3		0	1257.913	954.396
5		0	977.469	866.541
6		0	1289.181	1381.119
7		0	1054.476	983.381
8		0	1006.99	863.754
9		0	949.686	917.381
-1		0	947.949	869.328
>>> Logging PEV information for timestep 55.
ID		Status		X		Y
0		0	969.756	1230.464
1		0	1388.684	1221.312
2		0	1385.8	1267.738
3		0	1257.913	954.396
5		0	947.949	869.328
6		0	1304.002	1382.856
7		0	1069.094	985.263
8		0	992.23	865.147
9		0	949.686	917.381
-1		0	948.528	885.346
>>> Logging PEV information for timestep 56.
ID		Status		X		Y
0		0	969.37	1215.733
1		0	1388.684	1221.312
2		0	1384.838	1283.213
3		0	1255.254	969.716
5		0	947.949	869.328
6		0	1318.824	1384.593
7		0	1083.712	987.144
8		0	977.469	866.541
9		0	949.107	901.364
-1		0	949.107	901.364
>>> Logging PEV information for timestep 57.
ID		Status		X		Y
0		0	968.984	1201.002
1		0	1389.475	1208.584
2		0	1383.877	1298.688
3		0	1252.595	985.037
5		0	948.528	885.346
6		0	1333.645	1386.33
7		0	1098.331	989.026
8		0	947.949	869.328
9		0	948.528	885.346
-1		0	949.686	917.381
>>> Logging PEV information for timestep 58.
ID		Status		X		Y
0		0	968.212	1171.54
1		0	1390.266	1195.855
2		0	1382.915	1314.164
3		0	1249.936	1000.357
5		0	949.107	901.364
6		0	1348.466	1388.066
7		0	1112.949	990.908
8		0	947.949	869.328
9		0	947.949	869.328
-1		0	949.686	917.381
>>> Logging PEV information for timestep 59.
ID		Status		X		Y
0		0	968.212	1171.54
1		0	1390.266	1195.855
2		0	1381.954	1329.639
3		0	1249.936	1000.357
5		0	949.686	917.381
6		0	1378.108	1391.54
7		0	1127.568	992.789
8		0	948.528	885.346
9		0	947.949	869.328
-1		0	945.44	931.083
>>> Logging PEV information for timestep 60.
ID		Status		X		Y
0		0	955.265	1164.678
1		0	1390.659	1180.473
2		0	1380.992	1345.114
3		0	1264.133	1002.256
5		0	949.686	917.381
6		0	1378.108	1391.54
7		0	1142.186	994.671
8		0	949.107	901.364
9		0	962.709	867.935
-1		0	941.195	944.785
>>> Logging PEV information for timestep 61.
ID		Status		X		Y
0		0	942.318	1157.817
1		0	1391.052	1165.091
2		0	1380.031	1360.59
3		0	1278.33	1004.156
5		0	945.44	931.083
6		0	1394.954	1392.021
7		0	1156.805	996.552
8		0	949.686	917.381
9		0	977.469	866.541
-1		0	936.949	958.487
>>> Logging PEV information for timestep 62.
ID		Status		X		Y
0		0	929.37	1150.956
1		0	1391.445	1149.71
2		0	1379.069	1376.065
3		0	1292.527	1006.055
5		0	941.195	944.785
6		0	1411.801	1392.502
7		0	1171.423	998.434
8		0	949.686	917.381
9		0	992.23	865.147
-1		0	936.949	958.487
>>> Logging PEV information for timestep 63.
ID		Status		X		Y
0		0	916.423	1144.095
1		0	1391.838	1134.328
2		0	1378.108	1391.54
3		0	1306.724	1007.954
5		0	936.949	958.487
6		0	1428.647	1392.983
7		0	1171.423	998.434
8		0	945.44	931.083
9		0	1006.99	863.754
-1		0	933.258	973.901
>>> Logging PEV information for timestep 64.
ID		Status		X		Y
0		0	903.476	1137.234
1		0	1392.231	1118.946
2		0	1378.108	1391.54
3		0	1320.92	1009.853
5		0	936.949	958.487
6		0	1428.647	1392.983
7		0	1187.126	998.819
8		0	941.195	944.785
9		0	1021.75	862.36
-1		0	929.567	989.316
>>> Logging PEV information for timestep 65.
ID		Status		X		Y
0		0	890.529	1130.373
1		0	1392.231	1118.946
2		0	1363.287	1389.803
3		0	1335.117	1011.753
5		0	951.64	961.598
6		0	1430.167	1378.436
7		0	1202.828	999.203
8		0	936.949	958.487
9		0	1036.51	860.966
-1		0	925.877	1004.73
>>> Logging PEV information for timestep 66.
ID		Status		X		Y
0		0	890.529	1130.373
1		0	1400.808	1106.08
2		0	1348.466	1388.066
3		0	1349.314	1013.652
5		0	966.331	964.71
6		0	1431.688	1363.889
7		0	1218.531	999.588
8		0	936.949	958.487
9		0	1051.27	859.573
-1		0	922.186	1020.145
>>> Logging PEV information for timestep 67.
ID		Status		X		Y
0		0	885.716	1144.21
1		0	1409.385	1093.215
2		0	1333.645	1386.33
3		0	1363.511	1015.551
5		0	981.021	967.822
6		0	1433.208	1349.342
7		0	1234.234	999.973
8		0	951.64	961.598
9		0	1066.031	858.179
-1		0	918.495	1035.559
>>> Logging PEV information for timestep 68.
ID		Status		X		Y
0		0	880.903	1158.047
1		0	1409.385	1093.215
2		0	1318.824	1384.593
3		0	1363.511	1015.551
5		0	995.712	970.934
6		0	1434.728	1334.796
7		0	1249.936	1000.357
8		0	966.331	964.71
9		0	1080.791	856.785
-1		0	914.804	1050.974
>>> Logging PEV information for timestep 69.
ID		Status		X		Y
0		0	876.09	1171.885
1		0	1408.415	1077.036
2		0	1304.002	1382.856
3		0	1377.185	1014.475
5		0	1010.403	974.046
6		0	1436.248	1320.249
7		0	1249.936	1000.357
8		0	981.021	967.822
9		0	1095.551	855.392
-1		0	911.113	1066.388
>>> Logging PEV information for timestep 70.
ID		Status		X		Y
0		0	871.277	1185.722
1		0	1407.445	1060.858
2		0	1289.181	1381.119
3		0	1390.86	1013.399
5		0	1025.094	977.158
6		0	1437.769	1305.702
7		0	1252.595	985.037
8		0	995.712	970.934
9		0	1110.311	853.998
-1		0	907.423	1081.803
>>> Logging PEV information for timestep 71.
ID		Status		X		Y
0		0	866.464	1199.559
1		0	1406.475	1044.679
2		0	1274.36	1379.382
3		0	1404.534	1012.322
5		0	1039.785	980.269
6		0	1439.289	1291.155
7		0	1255.254	969.716
8		0	1010.403	974.046
9		0	1125.071	852.604
-1		0	907.423	1081.803
>>> Logging PEV information for timestep 72.
ID		Status		X		Y
0		0	861.651	1213.396
1		0	1405.505	1028.501
2		0	1259.539	1377.645
3		0	1404.534	1012.322
5		0	1054.476	983.381
6		0	1440.809	1276.609
7		0	1257.913	954.396
8		0	1025.094	977.158
9		0	1139.832	851.211
-1		0	921.317	1084.697
>>> Logging PEV information for timestep 73.
ID		Status		X		Y
0		0	856.838	1227.234
1		0	1404.534	1012.322
2		0	1229.897	1374.172
3		0	1418.209	1011.246
5		0	1054.476	983.381
6		0	1443.85	1247.515
7		0	1257.913	954.396
8		0	1039.785	980.269
9		0	1154.592	849.817
-1		0	935.212	1087.592
>>> Logging PEV information for timestep 74.
ID		Status		X		Y
0		0	847.212	1254.908
1		0	1404.534	1012.322
2		0	1229.897	1374.172
3		0	1431.883	1010.17
5		0	1069.094	985.263
6		0	1443.85	1247.515
7		0	1258.521	940.265
8		0	1054.476	983.381
9		0	1169.352	848.423
-1		0	935.212	1087.592
>>> Logging PEV information for timestep 75.
ID		Status		X		Y
0		0	847.212	1254.908
1		0	1390.86	1013.399
2		0	1231.171	1359.698
3		0	1445.558	1009.094
5		0	1083.712	987.144
6		0	1430.059	1240.964
7		0	1259.129	926.135
8		0	1054.476	983.381
9		0	1184.112	847.03
-1		0	949.651	1091.532
>>> Logging PEV information for timestep 76.
ID		Status		X		Y
0		0	861.042	1260.376
1		0	1377.185	1014.475
2		0	1232.444	1345.224
3		0	1445.558	1009.094
5		0	1098.331	989.026
6		0	1416.267	1234.414
7		0	1259.736	912.005
8		0	1069.094	985.263
9		0	1198.872	845.636
-1		0	964.09	1095.472
>>> Logging PEV information for timestep 77.
ID		Status		X		Y
0		0	874.873	1265.844
1		0	1363.511	1015.551
2		0	1233.718	1330.75
3		0	1460.676	1008.638
5		0	1112.949	990.908
6		0	1402.476	1227.863
7		0	1260.344	897.874
8		0	1083.712	987.144
9		0	1213.632	844.242
-1		0	978.528	1099.412
>>> Logging PEV information for timestep 78.
ID		Status		X		Y
0		0	888.703	1271.312
1		0	1363.511	1015.551
2		0	1234.992	1316.277
3		0	1475.794	1008.182
5		0	1127.568	992.789
6		0	1388.684	1221.312
7		0	1260.952	883.744
8		0	1098.331	989.026
9		0	1228.393	842.849
-1		0	992.967	1103.352
>>> Logging PEV information for timestep 79.
ID		Status		X		Y
0		0	902.534	1276.78
1		0	1349.314	1013.652
2		0	1236.265	1301.803
3		0	1490.912	1007.726
5		0	1142.186	994.671
6		0	1388.684	1221.312
7		0	1260.952	883.744
8		0	1112.949	990.908
9		0	1257.913	840.061
-1		0	1007.406	1107.292
>>> Logging PEV information for timestep 80.
ID		Status		X		Y
0		0	916.364	1282.247
1		0	1335.117	1011.753
2		0	1236.265	1301.803
3		0	1506.03	1007.27
5		0	1156.805	996.552
6		0	1389.475	1208.584
7		0	1275.332	882.767
8		0	1127.568	992.789
9		0	1257.913	840.061
-1		0	1021.844	1111.232
>>> Logging PEV information for timestep 81.
ID		Status		X		Y
0		0	930.195	1287.715
1		0	1320.92	1009.853
2		0	1232.406	1286.461
3		0	1521.148	1006.815
5		0	1171.423	998.434
6		0	1390.266	1195.855
7		0	1289.712	881.79
8		0	1142.186	994.671
9		0	1258.926	854.622
-1		0	1036.283	1115.172
>>> Logging PEV information for timestep 82.
ID		Status		X		Y
0		0	944.025	1293.183
1		0	1306.724	1007.954
2		0	1228.546	1271.119
3		0	1521.148	1006.815
5		0	1171.423	998.434
6		0	1390.266	1195.855
7		0	1304.092	880.814
8		0	1156.805	996.552
9		0	1259.939	869.183
-1		0	1050.722	1119.112
>>> Logging PEV information for timestep 83.
ID		Status		X		Y
0		0	971.686	1304.119
1		0	1292.527	1006.055
2		0	1224.686	1255.777
3		0	1538.621	1001.687
5		0	1187.126	998.819
6		0	1376.082	1193.974
7		0	1318.472	879.837
8		0	1171.423	998.434
9		0	1260.952	883.744
-1		0	1050.722	1119.112
>>> Logging PEV information for timestep 84.
ID		Status		X		Y
0		0	971.686	1304.119
1		0	1278.33	1004.156
2		0	1220.827	1240.434
3		0	1556.094	996.559
5		0	1202.828	999.203
6		0	1361.897	1192.092
7		0	1332.852	878.86
8		0	1171.423	998.434
9		0	1260.952	883.744
-1		0	1052.795	1135.184
>>> Logging PEV information for timestep 85.
ID		Status		X		Y
0		0	986.408	1308.502
1		0	1264.133	1002.256
2		0	1216.967	1225.092
3		0	1556.094	996.559
5		0	1218.531	999.588
6		0	1347.713	1190.211
7		0	1347.232	877.883
8		0	1187.126	998.819
9		0	1275.332	882.767
-1		0	1054.868	1151.255
>>> Logging PEV information for timestep 86.
ID		Status		X		Y
0		0	1001.13	1312.886
1		0	1249.936	1000.357
2		0	1213.108	1209.75
3		0	1550.808	982.03
5		0	1234.234	999.973
6		0	1333.529	1188.329
7		0	1361.612	876.907
8		0	1202.828	999.203
9		0	1289.712	881.79
-1		0	1056.941	1167.326
>>> Logging PEV information for timestep 87.
ID		Status		X		Y
0		0	1015.851	1317.269
1		0	1249.936	1000.357
2		0	1213.108	1209.75
3		0	1545.521	967.5
5		0	1249.936	1000.357
6		0	1319.345	1186.448
7		0	1361.612	876.907
8		0	1218.531	999.588
9		0	1304.092	880.814
-1		0	1059.014	1183.397
>>> Logging PEV information for timestep 88.
ID		Status		X		Y
0		0	1030.573	1321.653
1		0	1234.234	999.973
2		0	1217.029	1195.378
3		0	1540.235	952.971
5		0	1249.936	1000.357
6		0	1305.16	1184.566
7		0	1361.485	861.713
8		0	1234.234	999.973
9		0	1318.472	879.837
-1		0	1061.087	1199.468
>>> Logging PEV information for timestep 89.
ID		Status		X		Y
0		0	1045.295	1326.036
1		0	1218.531	999.588
2		0	1220.951	1181.007
3		0	1534.949	938.442
5		0	1264.133	1002.256
6		0	1290.976	1182.684
7		0	1361.358	846.519
8		0	1249.936	1000.357
9		0	1332.852	878.86
-1		0	1063.16	1215.54
>>> Logging PEV information for timestep 90.
ID		Status		X		Y
0		0	1060.017	1330.42
1		0	1202.828	999.203
2		0	1224.873	1166.635
3		0	1529.663	923.913
5		0	1278.33	1004.156
6		0	1276.792	1180.803
7		0	1361.232	831.325
8		0	1249.936	1000.357
9		0	1347.232	877.883
-1		0	1063.16	1215.54
>>> Logging PEV information for timestep 91.
ID		Status		X		Y
0		0	1074.739	1334.803
1		0	1187.126	998.819
2		0	1224.873	1166.635
3		0	1524.377	909.384
5		0	1292.527	1006.055
6		0	1276.792	1180.803
7		0	1361.232	831.325
8		0	1252.595	985.037
9		0	1361.612	876.907
-1		0	1064.607	1230.448
>>> Logging PEV information for timestep 92.
ID		Status		X		Y
0		0	1074.739	1334.803
1		0	1171.423	998.434
2		0	1237.853	1170.177
3		0	1519.09	894.854
5		0	1306.724	1007.954
6		0	1263.812	1177.261
7		0	1375.835	830.312
8		0	1255.254	969.716
9		0	1361.612	876.907
-1		0	1066.055	1245.356
>>> Logging PEV information for timestep 93.
ID		Status		X		Y
0		0	1088.844	1338.382
1		0	1171.423	998.434
2		0	1250.832	1173.719
3		0	1513.804	880.325
5		0	1320.92	1009.853
6		0	1250.832	1173.719
7		0	1390.438	829.299
8		0	1257.913	954.396
9		0	1361.485	861.713
-1		0	1067.502	1260.263
>>> Logging PEV information for timestep 94.
ID		Status		X		Y
0		0	1102.949	1341.961
1		0	1156.805	996.552
2		0	1263.812	1177.261
3		0	1508.518	865.796
5		0	1335.117	1011.753
6		0	1237.853	1170.177
7		0	1405.041	828.286
8		0	1257.913	954.396
9		0	1361.358	846.519
-1		0	1068.949	1275.171
>>> Logging PEV information for timestep 95.
ID		Status		X		Y
0		0	1117.055	1345.54
1		0	1142.186	994.671
2		0	1276.792	1180.803
3		0	1503.232	851.267
5		0	1349.314	1013.652
6		0	1224.873	1166.635
7		0	1419.644	827.273
8		0	1258.521	940.265
9		0	1361.232	831.325
-1		0	1070.397	1290.079
>>> Logging PEV information for timestep 96.
ID		Status		X		Y
0		0	1131.16	1349.119
1		0	1127.568	992.789
2		0	1276.792	1180.803
3		0	1497.945	836.738
5		0	1363.511	1015.551
6		0	1224.873	1166.635
7		0	1434.247	826.26
8		0	1259.129	926.135
9		0	1361.232	831.325
-1		0	1071.844	1304.987
>>> Logging PEV information for timestep 97.
ID		Status		X		Y
0		0	1145.265	1352.698
1		0	1112.949	990.908
2		0	1290.976	1182.684
3		0	1492.659	822.208
5		0	1363.511	1015.551
6		0	1220.951	1181.007
7		0	1448.85	825.247
8		0	1259.736	912.005
9		0	1346.472	832.573
-1		0	1073.291	1319.895
>>> Logging PEV information for timestep 98.
ID		Status		X		Y
0		0	1159.371	1356.277
1		0	1098.331	989.026
2		0	1305.16	1184.566
3		0	1492.659	822.208
5		0	1377.185	1014.475
6		0	1217.029	1195.378
7		0	1463.453	824.234
8		0	1260.344	897.874
9		0	1331.712	833.821
-1		0	1074.739	1334.803
>>> Logging PEV information for timestep 99.
ID		Status		X		Y
0		0	1173.476	1359.856
1		0	1083.712	987.144
2		0	1319.345	1186.448
3		0	1478.056	823.221
5		0	1390.86	1013.399
6		0	1213.108	1209.75
7		0	1492.659	822.208
8		0	1260.952	883.744
9		0	1316.952	835.069
-1		0	1074.739	1334.803
>>> Logging PEV information for timestep 100.
ID		Status		X		Y
0		0	1187.581	1363.435
1		0	1069.094	985.263
2		0	1333.529	1188.329
3		0	1463.453	824.234
5		0	1404.534	1012.322
6		0	1213.108	1209.75
7		0	1492.659	822.208
8		0	1260.952	883.744
9		0	1302.192	836.317
-1		0	1088.844	1338.382
>>> Logging PEV information for timestep 101.
ID		Status		X		Y
0		0	1201.686	1367.014
1		0	1054.476	983.381
2		0	1347.713	1190.211
3		0	1448.85	825.247
5		0	1404.534	1012.322
6		0	1216.967	1225.092
7		0	1497.945	836.738
8		0	1259.939	869.183
9		0	1287.433	837.565
-1		0	1102.949	1341.961
