Simulation initialized.
Using LogStatus type of DetailedPrint.
>>> Logging PEV information for timestep 1.
ID		Status		X		Y
0		0	916.364		1282.247
1		0	1249.936		1000.357
2		0	1380.992		1345.114
3		0	1236.265		1301.803
4		0	1623.483		1201.94
5		0	925.877		1004.73
6		0	1565.302		1026.566
7		0	1633.864		1230.079
8		0	1506.03		1007.27
9		0	1050.722		1119.112
-1		0	1445.558		1009.094
>>> Logging PEV information for timestep 2.
ID		Status		X		Y
0		0	902.534		1276.78
1		0	1264.133		1002.256
2		0	1380.992		1345.114
3		0	1232.406		1286.461
4		0	1618.292		1187.87
5		0	929.567		989.316
6		0	1569.906		1041.57
7		0	1628.674		1216.009
9		0	1052.795		1135.184
-1		0	1445.558		1009.094
>>> Logging PEV information for timestep 3.
ID		Status		X		Y
0		0	888.703		1271.312
1		0	1278.33		1004.156
2		0	1381.954		1329.639
3		0	1232.406		1286.461
4		0	1613.101		1173.801
5		0	936.949		958.487
6		0	1574.51		1056.574
7		0	1628.674		1216.009
9		0	1054.868		1151.255
-1		0	1431.883		1010.17
>>> Logging PEV information for timestep 4.
ID		Status		X		Y
0		0	874.873		1265.844
1		0	1278.33		1004.156
2		0	1382.915		1314.164
3		0	1228.546		1271.119
4		0	1607.911		1159.731
5		0	936.949		958.487
6		0	1579.114		1071.577
7		0	1623.483		1201.94
9		0	1056.941		1167.326
-1		0	1418.209		1011.246
>>> Logging PEV information for timestep 5.
ID		Status		X		Y
0		0	847.212		1254.908
1		0	1292.527		1006.055
2		0	1383.877		1298.688
3		0	1224.686		1255.777
4		0	1602.72		1145.662
5		0	951.64		961.598
6		0	1583.718		1086.581
7		0	1618.292		1187.87
9		0	1059.014		1183.397
-1		0	1404.534		1012.322
>>> Logging PEV information for timestep 6.
ID		Status		X		Y
0		0	847.212		1254.908
1		0	1306.724		1007.954
2		0	1384.838		1283.213
3		0	1220.827		1240.434
4		0	1597.529		1131.592
5		0	966.331		964.71
6		0	1588.321		1101.585
7		0	1613.101		1173.801
9		0	1061.087		1199.468
-1		0	1404.534		1012.322
>>> Logging PEV information for timestep 7.
ID		Status		X		Y
0		0	852.025		1241.071
1		0	1320.92		1009.853
2		0	1385.8		1267.738
3		0	1213.108		1209.75
4		0	1597.529		1131.592
5		0	981.021		967.822
6		0	1597.529		1131.592
7		0	1607.911		1159.731
9		0	1063.16		1215.54
-1		0	1390.86		1013.399
>>> Logging PEV information for timestep 8.
ID		Status		X		Y
0		0	856.838		1227.234
1		0	1335.117		1011.753
2		0	1386.761		1252.263
3		0	1213.108		1209.75
4		0	1584.149		1136.417
5		0	995.712		970.934
6		0	1597.529		1131.592
7		0	1597.529		1131.592
9		0	1063.16		1215.54
-1		0	1377.185		1014.475
>>> Logging PEV information for timestep 9.
ID		Status		X		Y
0		0	861.651		1213.396
1		0	1363.511		1015.551
2		0	1388.684		1221.312
3		0	1217.029		1195.378
4		0	1570.769		1141.241
5		0	1010.403		974.046
6		0	1584.149		1136.417
7		0	1597.529		1131.592
9		0	1064.607		1230.448
-1		0	1363.511		1015.551
>>> Logging PEV information for timestep 10.
ID		Status		X		Y
0		0	866.464		1199.559
1		0	1363.511		1015.551
2		0	1388.684		1221.312
3		0	1220.951		1181.007
4		0	1557.389		1146.066
5		0	1025.094		977.158
6		0	1570.769		1141.241
7		0	1584.149		1136.417
9		0	1066.055		1245.356
-1		0	1363.511		1015.551
>>> Logging PEV information for timestep 11.
ID		Status		X		Y
0		0	871.277		1185.722
1		0	1377.185		1014.475
2		0	1402.476		1227.863
3		0	1224.873		1166.635
4		0	1544.009		1150.89
5		0	1039.785		980.269
6		0	1557.389		1146.066
7		0	1570.769		1141.241
9		0	1067.502		1260.263
-1		0	1349.314		1013.652
>>> Logging PEV information for timestep 12.
ID		Status		X		Y
0		0	876.09		1171.885
1		0	1390.86		1013.399
2		0	1416.267		1234.414
3		0	1224.873		1166.635
4		0	1530.629		1155.715
5		0	1054.476		983.381
6		0	1544.009		1150.89
7		0	1557.389		1146.066
9		0	1068.949		1275.171
-1		0	1335.117		1011.753
>>> Logging PEV information for timestep 13.
ID		Status		X		Y
0		0	880.903		1158.047
1		0	1404.534		1012.322
2		0	1430.059		1240.964
3		0	1210.36		1162.675
4		0	1517.249		1160.54
5		0	1054.476		983.381
6		0	1530.629		1155.715
7		0	1544.009		1150.89
9		0	1070.397		1290.079
-1		0	1320.92		1009.853
>>> Logging PEV information for timestep 14.
ID		Status		X		Y
0		0	890.529		1130.373
1		0	1404.534		1012.322
2		0	1443.85		1247.515
3		0	1195.848		1158.715
4		0	1503.868		1165.364
5		0	1069.094		985.263
6		0	1517.249		1160.54
7		0	1530.629		1155.715
9		0	1071.844		1304.987
-1		0	1306.724		1007.954
>>> Logging PEV information for timestep 15.
ID		Status		X		Y
0		0	890.529		1130.373
1		0	1418.209		1011.246
2		0	1443.85		1247.515
3		0	1181.335		1154.754
4		0	1477.108		1175.013
5		0	1083.712		987.144
6		0	1503.868		1165.364
7		0	1517.249		1160.54
9		0	1073.291		1319.895
-1		0	1292.527		1006.055
>>> Logging PEV information for timestep 16.
ID		Status		X		Y
0		0	903.476		1137.234
1		0	1431.883		1010.17
2		0	1456.956		1253.741
3		0	1166.822		1150.794
4		0	1477.108		1175.013
5		0	1098.331		989.026
6		0	1477.108		1175.013
7		0	1503.868		1165.364
9		0	1074.739		1334.803
-1		0	1278.33		1004.156
>>> Logging PEV information for timestep 17.
ID		Status		X		Y
0		0	916.423		1144.095
1		0	1445.558		1009.094
2		0	1470.062		1259.966
3		0	1152.31		1146.834
4		0	1462.634		1178.487
5		0	1112.949		990.908
6		0	1477.108		1175.013
7		0	1477.108		1175.013
9		0	1074.739		1334.803
-1		0	1264.133		1002.256
>>> Logging PEV information for timestep 18.
ID		Status		X		Y
0		0	929.37		1150.956
1		0	1445.558		1009.094
2		0	1483.168		1266.191
3		0	1137.797		1142.874
4		0	1448.161		1181.961
5		0	1127.568		992.789
6		0	1462.634		1178.487
7		0	1477.108		1175.013
9		0	1060.017		1330.42
-1		0	1249.936		1000.357
>>> Logging PEV information for timestep 19.
ID		Status		X		Y
0		0	942.318		1157.817
1		0	1460.676		1008.638
2		0	1496.274		1272.416
3		0	1123.285		1138.914
4		0	1433.687		1185.434
5		0	1142.186		994.671
6		0	1448.161		1181.961
7		0	1462.634		1178.487
9		0	1045.295		1326.036
-1		0	1249.936		1000.357
>>> Logging PEV information for timestep 20.
ID		Status		X		Y
0		0	955.265		1164.678
1		0	1475.794		1008.182
2		0	1509.38		1278.641
3		0	1108.772		1134.953
4		0	1419.213		1188.908
5		0	1156.805		996.552
6		0	1433.687		1185.434
7		0	1448.161		1181.961
9		0	1030.573		1321.653
-1		0	1252.595		985.037
>>> Logging PEV information for timestep 21.
ID		Status		X		Y
0		0	968.212		1171.54
1		0	1490.912		1007.726
2		0	1522.486		1284.867
3		0	1094.26		1130.993
4		0	1404.74		1192.382
5		0	1171.423		998.434
6		0	1419.213		1188.908
7		0	1433.687		1185.434
9		0	1015.851		1317.269
-1		0	1255.254		969.716
>>> Logging PEV information for timestep 22.
ID		Status		X		Y
0		0	968.212		1171.54
1		0	1506.03		1007.27
2		0	1535.592		1291.092
3		0	1079.747		1127.033
4		0	1390.266		1195.855
5		0	1171.423		998.434
6		0	1404.74		1192.382
7		0	1419.213		1188.908
9		0	1001.13		1312.886
-1		0	1257.913		954.396
>>> Logging PEV information for timestep 23.
ID		Status		X		Y
0		0	968.598		1186.271
1		0	1521.148		1006.815
2		0	1548.698		1297.317
3		0	1065.234		1123.073
4		0	1390.266		1195.855
5		0	1187.126		998.819
6		0	1390.266		1195.855
7		0	1404.74		1192.382
9		0	986.408		1308.502
-1		0	1257.913		954.396
>>> Logging PEV information for timestep 24.
ID		Status		X		Y
0		0	968.984		1201.002
1		0	1521.148		1006.815
2		0	1548.698		1297.317
3		0	1050.722		1119.112
4		0	1389.475		1208.584
5		0	1202.828		999.203
6		0	1390.266		1195.855
7		0	1390.266		1195.855
9		0	971.686		1304.119
-1		0	1258.521		940.265
>>> Logging PEV information for timestep 25.
ID		Status		X		Y
0		0	969.37		1215.733
1		0	1538.621		1001.687
2		0	1545.616		1311.989
3		0	1050.722		1119.112
4		0	1388.684		1221.312
5		0	1218.531		999.588
6		0	1390.659		1180.473
7		0	1390.266		1195.855
9		0	971.686		1304.119
-1		0	1259.129		926.135
>>> Logging PEV information for timestep 26.
ID		Status		X		Y
0		0	969.756		1230.464
1		0	1556.094		996.559
2		0	1542.534		1326.66
3		0	1036.283		1115.172
4		0	1388.684		1221.312
5		0	1234.234		999.973
6		0	1391.052		1165.091
7		0	1376.082		1193.974
9		0	957.856		1298.651
-1		0	1259.736		912.005
>>> Logging PEV information for timestep 27.
ID		Status		X		Y
0		0	970.142		1245.195
1		0	1556.094		996.559
2		0	1539.453		1341.331
3		0	1021.844		1111.232
4		0	1402.476		1227.863
5		0	1249.936		1000.357
6		0	1391.445		1149.71
7		0	1361.897		1192.092
9		0	944.025		1293.183
-1		0	1260.344		897.874
>>> Logging PEV information for timestep 28.
ID		Status		X		Y
0		0	970.528		1259.926
1		0	1550.808		982.03
2		0	1536.371		1356.003
3		0	1007.406		1107.292
4		0	1416.267		1234.414
5		0	1249.936		1000.357
6		0	1391.838		1134.328
7		0	1347.713		1190.211
9		0	930.195		1287.715
-1		0	1260.952		883.744
>>> Logging PEV information for timestep 29.
ID		Status		X		Y
0		0	970.914		1274.657
1		0	1545.521		967.5
2		0	1533.289		1370.674
3		0	992.967		1103.352
4		0	1430.059		1240.964
5		0	1264.133		1002.256
6		0	1392.231		1118.946
7		0	1333.529		1188.329
9		0	916.364		1282.247
-1		0	1260.952		883.744
>>> Logging PEV information for timestep 30.
ID		Status		X		Y
0		0	971.686		1304.119
1		0	1540.235		952.971
2		0	1530.208		1385.345
3		0	978.528		1099.412
4		0	1443.85		1247.515
5		0	1278.33		1004.156
6		0	1392.231		1118.946
7		0	1319.345		1186.448
9		0	902.534		1276.78
-1		0	1275.332		882.767
>>> Logging PEV information for timestep 31.
ID		Status		X		Y
0		0	971.686		1304.119
1		0	1534.949		938.442
2		0	1527.126		1400.017
3		0	964.09		1095.472
4		0	1443.85		1247.515
5		0	1292.527		1006.055
6		0	1400.808		1106.08
7		0	1305.16		1184.566
9		0	888.703		1271.312
-1		0	1289.712		881.79
>>> Logging PEV information for timestep 32.
ID		Status		X		Y
0		0	957.856		1298.651
1		0	1529.663		923.913
2		0	1527.126		1400.017
3		0	949.651		1091.532
4		0	1456.956		1253.741
5		0	1306.724		1007.954
6		0	1409.385		1093.215
7		0	1290.976		1182.684
9		0	874.873		1265.844
-1		0	1304.092		880.814
>>> Logging PEV information for timestep 33.
ID		Status		X		Y
0		0	944.025		1293.183
1		0	1524.377		909.384
2		0	1513.058		1399.012
3		0	935.212		1087.592
4		0	1470.062		1259.966
5		0	1320.92		1009.853
6		0	1409.385		1093.215
7		0	1276.792		1180.803
9		0	847.212		1254.908
-1		0	1318.472		879.837
>>> Logging PEV information for timestep 34.
ID		Status		X		Y
0		0	930.195		1287.715
1		0	1519.09		894.854
2		0	1498.989		1398.007
3		0	935.212		1087.592
4		0	1483.168		1266.191
5		0	1335.117		1011.753
6		0	1408.415		1077.036
7		0	1276.792		1180.803
9		0	847.212		1254.908
-1		0	1332.852		878.86
>>> Logging PEV information for timestep 35.
ID		Status		X		Y
0		0	916.364		1282.247
1		0	1513.804		880.325
2		0	1484.921		1397.002
3		0	921.317		1084.697
4		0	1496.274		1272.416
5		0	1349.314		1013.652
6		0	1407.445		1060.858
7		0	1263.812		1177.261
9		0	852.025		1241.071
-1		0	1347.232		877.883
>>> Logging PEV information for timestep 36.
ID		Status		X		Y
0		0	902.534		1276.78
1		0	1508.518		865.796
2		0	1470.852		1395.997
3		0	907.423		1081.803
4		0	1509.38		1278.641
5		0	1363.511		1015.551
6		0	1406.475		1044.679
7		0	1250.832		1173.719
9		0	856.838		1227.234
-1		0	1361.612		876.907
>>> Logging PEV information for timestep 37.
ID		Status		X		Y
0		0	888.703		1271.312
1		0	1503.232		851.267
2		0	1456.784		1394.992
3		0	907.423		1081.803
4		0	1522.486		1284.867
5		0	1363.511		1015.551
6		0	1405.505		1028.501
7		0	1237.853		1170.177
9		0	861.651		1213.396
-1		0	1361.612		876.907
>>> Logging PEV information for timestep 38.
ID		Status		X		Y
0		0	874.873		1265.844
1		0	1497.945		836.738
2		0	1442.715		1393.987
3		0	901.791		1097.993
4		0	1535.592		1291.092
5		0	1377.185		1014.475
6		0	1404.534		1012.322
7		0	1224.873		1166.635
9		0	866.464		1199.559
-1		0	1361.485		861.713
>>> Logging PEV information for timestep 39.
ID		Status		X		Y
0		0	847.212		1254.908
1		0	1492.659		822.208
2		0	1428.647		1392.983
3		0	896.16		1114.183
4		0	1548.698		1297.317
5		0	1390.86		1013.399
6		0	1404.534		1012.322
7		0	1224.873		1166.635
9		0	871.277		1185.722
-1		0	1361.358		846.519
>>> Logging PEV information for timestep 40.
ID		Status		X		Y
0		0	847.212		1254.908
1		0	1492.659		822.208
2		0	1428.647		1392.983
3		0	890.529		1130.373
4		0	1548.698		1297.317
5		0	1404.534		1012.322
6		0	1418.209		1011.246
7		0	1210.36		1162.675
9		0	876.09		1171.885
-1		0	1361.232		831.325
>>> Logging PEV information for timestep 41.
ID		Status		X		Y
0		0	852.025		1241.071
1		0	1478.056		823.221
2		0	1430.167		1378.436
3		0	890.529		1130.373
4		0	1560.864		1287.712
5		0	1404.534		1012.322
6		0	1431.883		1010.17
7		0	1195.848		1158.715
9		0	880.903		1158.047
-1		0	1361.232		831.325
>>> Logging PEV information for timestep 42.
ID		Status		X		Y
0		0	856.838		1227.234
1		0	1463.453		824.234
2		0	1431.688		1363.889
3		0	885.716		1144.21
4		0	1573.031		1278.106
5		0	1405.505		1028.501
6		0	1445.558		1009.094
7		0	1181.335		1154.754
9		0	890.529		1130.373
-1		0	1375.835		830.312
>>> Logging PEV information for timestep 43.
ID		Status		X		Y
0		0	861.651		1213.396
1		0	1448.85		825.247
2		0	1433.208		1349.342
3		0	880.903		1158.047
4		0	1585.198		1268.501
5		0	1406.475		1044.679
6		0	1445.558		1009.094
7		0	1166.822		1150.794
9		0	890.529		1130.373
-1		0	1390.438		829.299
>>> Logging PEV information for timestep 44.
ID		Status		X		Y
0		0	866.464		1199.559
1		0	1434.247		826.26
2		0	1434.728		1334.796
3		0	876.09		1171.885
4		0	1597.364		1258.895
5		0	1407.445		1060.858
6		0	1460.676		1008.638
7		0	1152.31		1146.834
9		0	896.16		1114.183
-1		0	1405.041		828.286
>>> Logging PEV information for timestep 45.
ID		Status		X		Y
0		0	871.277		1185.722
1		0	1419.644		827.273
2		0	1436.248		1320.249
3		0	871.277		1185.722
4		0	1609.531		1249.29
5		0	1408.415		1077.036
6		0	1475.794		1008.182
7		0	1137.797		1142.874
9		0	901.791		1097.993
-1		0	1419.644		827.273
>>> Logging PEV information for timestep 46.
ID		Status		X		Y
0		0	876.09		1171.885
1		0	1405.041		828.286
2		0	1437.769		1305.702
3		0	866.464		1199.559
4		0	1621.698		1239.684
5		0	1409.385		1093.215
6		0	1490.912		1007.726
7		0	1123.285		1138.914
9		0	907.423		1081.803
-1		0	1434.247		826.26
>>> Logging PEV information for timestep 47.
ID		Status		X		Y
0		0	880.903		1158.047
1		0	1390.438		829.299
2		0	1439.289		1291.155
3		0	861.651		1213.396
4		0	1633.864		1230.079
5		0	1409.385		1093.215
6		0	1506.03		1007.27
7		0	1108.772		1134.953
9		0	907.423		1081.803
-1		0	1448.85		825.247
>>> Logging PEV information for timestep 48.
ID		Status		X		Y
0		0	890.529		1130.373
1		0	1361.232		831.325
2		0	1440.809		1276.609
3		0	856.838		1227.234
4		0	1633.864		1230.079
5		0	1400.808		1106.08
6		0	1521.148		1006.815
7		0	1094.26		1130.993
9		0	921.317		1084.697
-1		0	1463.453		824.234
>>> Logging PEV information for timestep 49.
ID		Status		X		Y
0		0	890.529		1130.373
1		0	1361.232		831.325
2		0	1443.85		1247.515
3		0	847.212		1254.908
4		0	1628.674		1216.009
5		0	1392.231		1118.946
6		0	1521.148		1006.815
7		0	1079.747		1127.033
9		0	935.212		1087.592
-1		0	1492.659		822.208
>>> Logging PEV information for timestep 50.
ID		Status		X		Y
0		0	896.16		1114.183
1		0	1346.472		832.573
2		0	1443.85		1247.515
3		0	847.212		1254.908
4		0	1623.483		1201.94
5		0	1392.231		1118.946
6		0	1538.621		1001.687
7		0	1065.234		1123.073
9		0	935.212		1087.592
-1		0	1492.659		822.208
>>> Logging PEV information for timestep 51.
ID		Status		X		Y
0		0	901.791		1097.993
1		0	1331.712		833.821
2		0	1456.956		1253.741
3		0	861.042		1260.376
4		0	1618.292		1187.87
5		0	1391.838		1134.328
6		0	1556.094		996.559
7		0	1050.722		1119.112
9		0	949.651		1091.532
-1		0	1497.945		836.738
>>> Logging PEV information for timestep 52.
ID		Status		X		Y
0		0	907.423		1081.803
1		0	1316.952		835.069
2		0	1470.062		1259.966
3		0	874.873		1265.844
4		0	1613.101		1173.801
5		0	1391.445		1149.71
6		0	1556.094		996.559
7		0	1050.722		1119.112
9		0	964.09		1095.472
-1		0	1503.232		851.267
>>> Logging PEV information for timestep 53.
ID		Status		X		Y
0		0	907.423		1081.803
1		0	1302.192		836.317
2		0	1483.168		1266.191
3		0	888.703		1271.312
4		0	1607.911		1159.731
5		0	1391.052		1165.091
6		0	1560.698		1011.562
7		0	1036.283		1115.172
9		0	978.528		1099.412
-1		0	1508.518		865.796
>>> Logging PEV information for timestep 54.
ID		Status		X		Y
0		0	921.317		1084.697
1		0	1287.433		837.565
2		0	1496.274		1272.416
3		0	902.534		1276.78
4		0	1602.72		1145.662
5		0	1390.659		1180.473
6		0	1565.302		1026.566
7		0	1021.844		1111.232
9		0	992.967		1103.352
-1		0	1513.804		880.325
>>> Logging PEV information for timestep 55.
ID		Status		X		Y
0		0	935.212		1087.592
1		0	1272.673		838.813
2		0	1509.38		1278.641
3		0	916.364		1282.247
4		0	1597.529		1131.592
5		0	1390.266		1195.855
6		0	1569.906		1041.57
7		0	1007.406		1107.292
9		0	1007.406		1107.292
-1		0	1519.09		894.854
>>> Logging PEV information for timestep 56.
ID		Status		X		Y
0		0	935.212		1087.592
1		0	1257.913		840.061
2		0	1522.486		1284.867
3		0	930.195		1287.715
4		0	1597.529		1131.592
5		0	1390.266		1195.855
6		0	1574.51		1056.574
7		0	992.967		1103.352
9		0	1021.844		1111.232
-1		0	1524.377		909.384
>>> Logging PEV information for timestep 57.
ID		Status		X		Y
0		0	949.651		1091.532
1		0	1257.913		840.061
2		0	1535.592		1291.092
3		0	944.025		1293.183
4		0	1584.149		1136.417
5		0	1389.475		1208.584
6		0	1579.114		1071.577
7		0	978.528		1099.412
9		0	1036.283		1115.172
-1		0	1529.663		923.913
>>> Logging PEV information for timestep 58.
ID		Status		X		Y
0		0	964.09		1095.472
1		0	1258.926		854.622
2		0	1548.698		1297.317
3		0	971.686		1304.119
4		0	1570.769		1141.241
5		0	1388.684		1221.312
6		0	1583.718		1086.581
7		0	964.09		1095.472
9		0	1050.722		1119.112
-1		0	1534.949		938.442
>>> Logging PEV information for timestep 59.
ID		Status		X		Y
0		0	978.528		1099.412
1		0	1259.939		869.183
2		0	1548.698		1297.317
3		0	971.686		1304.119
4		0	1557.389		1146.066
5		0	1388.684		1221.312
6		0	1588.321		1101.585
7		0	949.651		1091.532
9		0	1050.722		1119.112
-1		0	1540.235		952.971
>>> Logging PEV information for timestep 60.
ID		Status		X		Y
0		0	992.967		1103.352
1		0	1260.952		883.744
2		0	1560.864		1287.712
3		0	986.408		1308.502
4		0	1544.009		1150.89
5		0	1402.476		1227.863
6		0	1597.529		1131.592
7		0	935.212		1087.592
9		0	1065.234		1123.073
-1		0	1545.521		967.5
>>> Logging PEV information for timestep 61.
ID		Status		X		Y
0		0	1007.406		1107.292
1		0	1260.952		883.744
2		0	1573.031		1278.106
3		0	1001.13		1312.886
4		0	1530.629		1155.715
5		0	1416.267		1234.414
6		0	1597.529		1131.592
7		0	935.212		1087.592
9		0	1079.747		1127.033
-1		0	1550.808		982.03
>>> Logging PEV information for timestep 62.
ID		Status		X		Y
0		0	1021.844		1111.232
1		0	1260.344		897.874
2		0	1585.198		1268.501
3		0	1015.851		1317.269
4		0	1517.249		1160.54
5		0	1430.059		1240.964
6		0	1602.72		1145.662
7		0	921.317		1084.697
9		0	1094.26		1130.993
-1		0	1556.094		996.559
>>> Logging PEV information for timestep 63.
ID		Status		X		Y
0		0	1036.283		1115.172
1		0	1259.736		912.005
2		0	1597.364		1258.895
3		0	1030.573		1321.653
4		0	1503.868		1165.364
5		0	1443.85		1247.515
6		0	1607.911		1159.731
7		0	907.423		1081.803
9		0	1108.772		1134.953
-1		0	1556.094		996.559
>>> Logging PEV information for timestep 64.
ID		Status		X		Y
0		0	1050.722		1119.112
1		0	1259.129		926.135
2		0	1609.531		1249.29
3		0	1045.295		1326.036
4		0	1477.108		1175.013
5		0	1443.85		1247.515
6		0	1613.101		1173.801
7		0	907.423		1081.803
9		0	1123.285		1138.914
-1		0	1560.698		1011.562
>>> Logging PEV information for timestep 65.
ID		Status		X		Y
0		0	1050.722		1119.112
1		0	1258.521		940.265
2		0	1621.698		1239.684
3		0	1060.017		1330.42
4		0	1477.108		1175.013
5		0	1456.956		1253.741
6		0	1618.292		1187.87
7		0	901.791		1097.993
9		0	1137.797		1142.874
-1		0	1565.302		1026.566
>>> Logging PEV information for timestep 66.
ID		Status		X		Y
0		0	1065.234		1123.073
1		0	1257.913		954.396
2		0	1633.864		1230.079
3		0	1074.739		1334.803
4		0	1462.634		1178.487
5		0	1470.062		1259.966
6		0	1623.483		1201.94
7		0	896.16		1114.183
9		0	1152.31		1146.834
-1		0	1569.906		1041.57
>>> Logging PEV information for timestep 67.
ID		Status		X		Y
0		0	1079.747		1127.033
1		0	1257.913		954.396
2		0	1633.864		1230.079
3		0	1074.739		1334.803
4		0	1448.161		1181.961
5		0	1483.168		1266.191
6		0	1628.674		1216.009
7		0	890.529		1130.373
9		0	1166.822		1150.794
-1		0	1574.51		1056.574
>>> Logging PEV information for timestep 68.
ID		Status		X		Y
0		0	1094.26		1130.993
1		0	1255.254		969.716
2		0	1628.674		1216.009
3		0	1073.291		1319.895
4		0	1433.687		1185.434
5		0	1496.274		1272.416
6		0	1633.864		1230.079
7		0	890.529		1130.373
9		0	1181.335		1154.754
-1		0	1579.114		1071.577
>>> Logging PEV information for timestep 69.
ID		Status		X		Y
0		0	1108.772		1134.953
1		0	1252.595		985.037
2		0	1623.483		1201.94
3		0	1071.844		1304.987
4		0	1419.213		1188.908
5		0	1509.38		1278.641
6		0	1633.864		1230.079
7		0	885.716		1144.21
9		0	1195.848		1158.715
-1		0	1583.718		1086.581
>>> Logging PEV information for timestep 70.
ID		Status		X		Y
0		0	1123.285		1138.914
1		0	1249.936		1000.357
2		0	1618.292		1187.87
3		0	1070.397		1290.079
4		0	1404.74		1192.382
5		0	1522.486		1284.867
6		0	1621.698		1239.684
7		0	880.903		1158.047
9		0	1210.36		1162.675
-1		0	1588.321		1101.585
>>> Logging PEV information for timestep 71.
ID		Status		X		Y
0		0	1137.797		1142.874
1		0	1249.936		1000.357
2		0	1613.101		1173.801
3		0	1068.949		1275.171
4		0	1390.266		1195.855
5		0	1535.592		1291.092
6		0	1609.531		1249.29
7		0	876.09		1171.885
9		0	1224.873		1166.635
-1		0	1597.529		1131.592
>>> Logging PEV information for timestep 72.
ID		Status		X		Y
0		0	1152.31		1146.834
1		0	1234.234		999.973
2		0	1607.911		1159.731
3		0	1067.502		1260.263
4		0	1390.266		1195.855
5		0	1548.698		1297.317
6		0	1597.364		1258.895
7		0	871.277		1185.722
9		0	1224.873		1166.635
-1		0	1597.529		1131.592
>>> Logging PEV information for timestep 73.
ID		Status		X		Y
0		0	1166.822		1150.794
1		0	1218.531		999.588
2		0	1602.72		1145.662
3		0	1066.055		1245.356
4		0	1376.082		1193.974
5		0	1548.698		1297.317
6		0	1585.198		1268.501
7		0	866.464		1199.559
9		0	1237.853		1170.177
-1		0	1584.149		1136.417
>>> Logging PEV information for timestep 74.
ID		Status		X		Y
0		0	1181.335		1154.754
1		0	1202.828		999.203
2		0	1597.529		1131.592
3		0	1064.607		1230.448
4		0	1361.897		1192.092
5		0	1560.864		1287.712
6		0	1573.031		1278.106
7		0	861.651		1213.396
9		0	1250.832		1173.719
-1		0	1570.769		1141.241
>>> Logging PEV information for timestep 75.
ID		Status		X		Y
0		0	1195.848		1158.715
1		0	1187.126		998.819
2		0	1597.529		1131.592
3		0	1063.16		1215.54
4		0	1347.713		1190.211
5		0	1573.031		1278.106
6		0	1560.864		1287.712
7		0	856.838		1227.234
9		0	1263.812		1177.261
-1		0	1557.389		1146.066
>>> Logging PEV information for timestep 76.
ID		Status		X		Y
0		0	1210.36		1162.675
1		0	1171.423		998.434
2		0	1584.149		1136.417
3		0	1063.16		1215.54
4		0	1333.529		1188.329
5		0	1585.198		1268.501
6		0	1548.698		1297.317
7		0	847.212		1254.908
9		0	1276.792		1180.803
-1		0	1544.009		1150.89
>>> Logging PEV information for timestep 77.
ID		Status		X		Y
0		0	1224.873		1166.635
1		0	1171.423		998.434
2		0	1570.769		1141.241
3		0	1061.087		1199.468
4		0	1319.345		1186.448
5		0	1597.364		1258.895
6		0	1548.698		1297.317
7		0	847.212		1254.908
9		0	1276.792		1180.803
-1		0	1530.629		1155.715
>>> Logging PEV information for timestep 78.
ID		Status		X		Y
0		0	1224.873		1166.635
1		0	1156.805		996.552
2		0	1557.389		1146.066
3		0	1059.014		1183.397
4		0	1305.16		1184.566
5		0	1609.531		1249.29
6		0	1545.616		1311.989
7		0	861.042		1260.376
9		0	1290.976		1182.684
-1		0	1517.249		1160.54
>>> Logging PEV information for timestep 79.
ID		Status		X		Y
0		0	1237.853		1170.177
1		0	1142.186		994.671
2		0	1544.009		1150.89
3		0	1056.941		1167.326
4		0	1290.976		1182.684
5		0	1621.698		1239.684
6		0	1542.534		1326.66
7		0	874.873		1265.844
9		0	1305.16		1184.566
-1		0	1503.868		1165.364
>>> Logging PEV information for timestep 80.
ID		Status		X		Y
0		0	1250.832		1173.719
1		0	1127.568		992.789
2		0	1530.629		1155.715
3		0	1054.868		1151.255
4		0	1276.792		1180.803
5		0	1633.864		1230.079
6		0	1539.453		1341.331
7		0	888.703		1271.312
9		0	1319.345		1186.448
-1		0	1477.108		1175.013
>>> Logging PEV information for timestep 81.
ID		Status		X		Y
0		0	1263.812		1177.261
1		0	1112.949		990.908
2		0	1517.249		1160.54
3		0	1052.795		1135.184
4		0	1276.792		1180.803
5		0	1633.864		1230.079
6		0	1536.371		1356.003
7		0	902.534		1276.78
9		0	1333.529		1188.329
-1		0	1477.108		1175.013
>>> Logging PEV information for timestep 82.
ID		Status		X		Y
0		0	1276.792		1180.803
1		0	1098.331		989.026
2		0	1503.868		1165.364
3		0	1050.722		1119.112
4		0	1263.812		1177.261
5		0	1628.674		1216.009
6		0	1533.289		1370.674
7		0	916.364		1282.247
9		0	1347.713		1190.211
-1		0	1462.634		1178.487
>>> Logging PEV information for timestep 83.
ID		Status		X		Y
0		0	1276.792		1180.803
1		0	1083.712		987.144
2		0	1477.108		1175.013
3		0	1050.722		1119.112
4		0	1250.832		1173.719
5		0	1623.483		1201.94
6		0	1530.208		1385.345
7		0	930.195		1287.715
9		0	1361.897		1192.092
-1		0	1448.161		1181.961
>>> Logging PEV information for timestep 84.
ID		Status		X		Y
0		0	1290.976		1182.684
1		0	1069.094		985.263
2		0	1477.108		1175.013
3		0	1065.234		1123.073
4		0	1237.853		1170.177
5		0	1618.292		1187.87
6		0	1527.126		1400.017
7		0	944.025		1293.183
9		0	1376.082		1193.974
-1		0	1433.687		1185.434
>>> Logging PEV information for timestep 85.
ID		Status		X		Y
0		0	1305.16		1184.566
1		0	1054.476		983.381
2		0	1462.634		1178.487
3		0	1079.747		1127.033
4		0	1224.873		1166.635
5		0	1613.101		1173.801
6		0	1527.126		1400.017
7		0	971.686		1304.119
9		0	1390.266		1195.855
-1		0	1419.213		1188.908
>>> Logging PEV information for timestep 86.
ID		Status		X		Y
0		0	1319.345		1186.448
1		0	1054.476		983.381
2		0	1448.161		1181.961
3		0	1094.26		1130.993
4		0	1224.873		1166.635
5		0	1607.911		1159.731
6		0	1513.058		1399.012
7		0	971.686		1304.119
9		0	1390.266		1195.855
-1		0	1404.74		1192.382
>>> Logging PEV information for timestep 87.
ID		Status		X		Y
0		0	1333.529		1188.329
1		0	1039.785		980.269
2		0	1433.687		1185.434
3		0	1108.772		1134.953
4		0	1210.36		1162.675
5		0	1602.72		1145.662
6		0	1498.989		1398.007
7		0	971.3		1289.388
9		0	1404.74		1192.382
-1		0	1390.266		1195.855
>>> Logging PEV information for timestep 88.
ID		Status		X		Y
0		0	1347.713		1190.211
1		0	1025.094		977.158
2		0	1419.213		1188.908
3		0	1123.285		1138.914
4		0	1195.848		1158.715
5		0	1597.529		1131.592
6		0	1484.921		1397.002
7		0	970.914		1274.657
9		0	1419.213		1188.908
-1		0	1390.266		1195.855
>>> Logging PEV information for timestep 89.
ID		Status		X		Y
0		0	1361.897		1192.092
1		0	1010.403		974.046
2		0	1404.74		1192.382
3		0	1137.797		1142.874
4		0	1181.335		1154.754
5		0	1597.529		1131.592
6		0	1470.852		1395.997
7		0	970.528		1259.926
9		0	1433.687		1185.434
-1		0	1376.082		1193.974
>>> Logging PEV information for timestep 90.
ID		Status		X		Y
0		0	1376.082		1193.974
1		0	995.712		970.934
2		0	1390.266		1195.855
3		0	1152.31		1146.834
4		0	1166.822		1150.794
5		0	1592.925		1116.588
6		0	1456.784		1394.992
7		0	970.142		1245.195
9		0	1448.161		1181.961
-1		0	1361.897		1192.092
>>> Logging PEV information for timestep 91.
ID		Status		X		Y
0		0	1390.266		1195.855
1		0	981.021		967.822
2		0	1390.266		1195.855
3		0	1166.822		1150.794
4		0	1152.31		1146.834
5		0	1588.321		1101.585
6		0	1442.715		1393.987
7		0	969.756		1230.464
9		0	1462.634		1178.487
-1		0	1347.713		1190.211
>>> Logging PEV information for timestep 92.
ID		Status		X		Y
0		0	1390.266		1195.855
1		0	966.331		964.71
2		0	1376.082		1193.974
3		0	1181.335		1154.754
4		0	1137.797		1142.874
5		0	1583.718		1086.581
6		0	1428.647		1392.983
7		0	969.37		1215.733
9		0	1477.108		1175.013
-1		0	1333.529		1188.329
>>> Logging PEV information for timestep 93.
ID		Status		X		Y
0		0	1404.74		1192.382
1		0	951.64		961.598
2		0	1361.897		1192.092
3		0	1195.848		1158.715
4		0	1123.285		1138.914
5		0	1579.114		1071.577
6		0	1428.647		1392.983
7		0	968.984		1201.002
9		0	1477.108		1175.013
-1		0	1319.345		1186.448
>>> Logging PEV information for timestep 94.
ID		Status		X		Y
0		0	1419.213		1188.908
1		0	936.949		958.487
2		0	1347.713		1190.211
3		0	1210.36		1162.675
4		0	1108.772		1134.953
5		0	1574.51		1056.574
6		0	1430.167		1378.436
7		0	968.212		1171.54
9		0	1490.488		1170.189
-1		0	1305.16		1184.566
>>> Logging PEV information for timestep 95.
ID		Status		X		Y
0		0	1433.687		1185.434
1		0	936.949		958.487
2		0	1333.529		1188.329
3		0	1224.873		1166.635
4		0	1094.26		1130.993
5		0	1569.906		1041.57
6		0	1431.688		1363.889
7		0	968.212		1171.54
9		0	1503.868		1165.364
-1		0	1290.976		1182.684
>>> Logging PEV information for timestep 96.
ID		Status		X		Y
0		0	1448.161		1181.961
1		0	933.258		973.901
2		0	1319.345		1186.448
3		0	1224.873		1166.635
4		0	1079.747		1127.033
5		0	1565.302		1026.566
6		0	1433.208		1349.342
7		0	955.265		1164.678
9		0	1517.249		1160.54
-1		0	1276.792		1180.803
>>> Logging PEV information for timestep 97.
ID		Status		X		Y
0		0	1462.634		1178.487
1		0	929.567		989.316
2		0	1305.16		1184.566
3		0	1220.951		1181.007
4		0	1065.234		1123.073
5		0	1556.094		996.559
6		0	1434.728		1334.796
7		0	942.318		1157.817
9		0	1530.629		1155.715
-1		0	1276.792		1180.803
>>> Logging PEV information for timestep 98.
ID		Status		X		Y
0		0	1477.108		1175.013
1		0	925.877		1004.73
2		0	1290.976		1182.684
3		0	1217.029		1195.378
4		0	1050.722		1119.112
5		0	1556.094		996.559
6		0	1436.248		1320.249
7		0	929.37		1150.956
9		0	1544.009		1150.89
-1		0	1263.812		1177.261
>>> Logging PEV information for timestep 99.
ID		Status		X		Y
0		0	1477.108		1175.013
1		0	922.186		1020.145
2		0	1276.792		1180.803
3		0	1213.108		1209.75
4		0	1050.722		1119.112
5		0	1550.808		982.03
6		0	1437.769		1305.702
7		0	916.423		1144.095
9		0	1557.389		1146.066
-1		0	1250.832		1173.719
>>> Logging PEV information for timestep 100.
ID		Status		X		Y
0		0	1490.488		1170.189
1		0	918.495		1035.559
2		0	1276.792		1180.803
3		0	1213.108		1209.75
4		0	1052.795		1135.184
5		0	1545.521		967.5
6		0	1439.289		1291.155
7		0	903.476		1137.234
9		0	1570.769		1141.241
-1		0	1237.853		1170.177
>>> Logging PEV information for timestep 101.
ID		Status		X		Y
0		0	1503.868		1165.364
1		0	914.804		1050.974
2		0	1263.812		1177.261
3		0	1216.967		1225.092
4		0	1054.868		1151.255
5		0	1540.235		952.971
6		0	1440.809		1276.609
7		0	890.529		1130.373
9		0	1597.529		1131.592
-1		0	1224.873		1166.635
