Simulation initialized.
Using LogStatus type of DetailedPrint.
>>> Logging PEV information for timestep 1.
ID		Status		X		Y
0		0		1548.698		1297.317
1		0		1431.688		1363.889
2		0		1409.385		1093.215
3		0		1409.385		1093.215
4		0		1117.055		1345.54
5		0		1416.267		1234.414
6		0		1333.645		1386.33
7		0		1224.873		1166.635
8		0		1257.913		954.396
9		0		1579.114		1071.577
-1		0		1445.558		1009.094
>>> Logging PEV information for timestep 2.
ID		Status		X		Y
0		0		1560.864		1287.712
1		0		1433.208		1349.342
2		0		1409.385		1093.215
3		0		1409.385		1093.215
4		0		1131.16		1349.119
5		0		1443.85		1247.515
6		0		1348.466		1388.066
7		0		1237.853		1170.177
9		0		1574.51		1056.574
-1		0		1445.558		1009.094
>>> Logging PEV information for timestep 3.
ID		Status		X		Y
0		0		1573.031		1278.106
1		0		1434.728		1334.796
2		0		1392.231		1118.946
3		0		1392.231		1118.946
4		0		1145.265		1352.698
5		0		1443.85		1247.515
6		0		1363.287		1389.803
7		0		1237.853		1170.177
9		0		1569.906		1041.57
-1		0		1431.883		1010.17
>>> Logging PEV information for timestep 4.
ID		Status		X		Y
0		0		1585.198		1268.501
1		0		1436.248		1320.249
2		0		1392.231		1118.946
3		0		1392.231		1118.946
4		0		1145.265		1352.698
5		0		1442.33		1262.062
6		0		1378.108		1391.54
7		0		1250.832		1173.719
9		0		1565.302		1026.566
-1		0		1418.209		1011.246
>>> Logging PEV information for timestep 5.
ID		Status		X		Y
0		0		1597.364		1258.895
1		0		1437.769		1305.702
2		0		1391.838		1134.328
3		0		1391.838		1134.328
4		0		1159.371		1356.277
5		0		1440.809		1276.609
6		0		1378.108		1391.54
7		0		1276.792		1180.803
9		0		1556.094		996.559
-1		0		1404.534		1012.322
>>> Logging PEV information for timestep 6.
ID		Status		X		Y
0		0		1609.531		1249.29
1		0		1439.289		1291.155
2		0		1391.445		1149.71
3		0		1391.445		1149.71
4		0		1173.476		1359.856
5		0		1439.289		1291.155
6		0		1379.069		1376.065
7		0		1276.792		1180.803
9		0		1556.094		996.559
-1		0		1404.534		1012.322
>>> Logging PEV information for timestep 7.
ID		Status		X		Y
0		0		1621.698		1239.684
1		0		1440.809		1276.609
2		0		1391.052		1165.091
3		0		1391.052		1165.091
4		0		1187.581		1363.435
5		0		1437.769		1305.702
6		0		1380.031		1360.59
7		0		1290.976		1182.684
9		0		1538.621		1001.687
-1		0		1390.86		1013.399
>>> Logging PEV information for timestep 8.
ID		Status		X		Y
0		0		1633.864		1230.079
1		0		1442.33		1262.062
2		0		1390.659		1180.473
3		0		1390.659		1180.473
4		0		1201.686		1367.014
5		0		1436.248		1320.249
6		0		1380.992		1345.114
7		0		1305.16		1184.566
9		0		1521.148		1006.815
-1		0		1377.185		1014.475
>>> Logging PEV information for timestep 9.
ID		Status		X		Y
0		0		1633.864		1230.079
1		0		1443.85		1247.515
2		0		1390.266		1195.855
3		0		1390.266		1195.855
4		0		1229.897		1374.172
5		0		1434.728		1334.796
6		0		1381.954		1329.639
7		0		1319.345		1186.448
9		0		1521.148		1006.815
-1		0		1363.511		1015.551
>>> Logging PEV information for timestep 10.
ID		Status		X		Y
0		0		1628.674		1216.009
1		0		1443.85		1247.515
2		0		1390.266		1195.855
3		0		1390.266		1195.855
4		0		1229.897		1374.172
5		0		1433.208		1349.342
6		0		1382.915		1314.164
7		0		1333.529		1188.329
9		0		1506.03		1007.27
-1		0		1363.511		1015.551
>>> Logging PEV information for timestep 11.
ID		Status		X		Y
0		0		1623.483		1201.94
1		0		1430.059		1240.964
2		0		1389.475		1208.584
3		0		1389.475		1208.584
4		0		1231.171		1359.698
5		0		1431.688		1363.889
6		0		1383.877		1298.688
7		0		1347.713		1190.211
9		0		1490.912		1007.726
-1		0		1349.314		1013.652
>>> Logging PEV information for timestep 12.
ID		Status		X		Y
0		0		1618.292		1187.87
1		0		1416.267		1234.414
2		0		1388.684		1221.312
3		0		1388.684		1221.312
4		0		1232.444		1345.224
5		0		1428.647		1392.983
6		0		1384.838		1283.213
7		0		1361.897		1192.092
9		0		1475.794		1008.182
-1		0		1335.117		1011.753
>>> Logging PEV information for timestep 13.
ID		Status		X		Y
0		0		1613.101		1173.801
1		0		1402.476		1227.863
2		0		1388.684		1221.312
3		0		1388.684		1221.312
4		0		1233.718		1330.75
5		0		1428.647		1392.983
6		0		1385.8		1267.738
7		0		1376.082		1193.974
9		0		1460.676		1008.638
-1		0		1320.92		1009.853
>>> Logging PEV information for timestep 14.
ID		Status		X		Y
0		0		1607.911		1159.731
1		0		1388.684		1221.312
2		0		1402.476		1227.863
3		0		1387.723		1236.787
4		0		1234.992		1316.277
5		0		1411.801		1392.502
6		0		1386.761		1252.263
7		0		1390.266		1195.855
9		0		1445.558		1009.094
-1		0		1306.724		1007.954
>>> Logging PEV information for timestep 15.
ID		Status		X		Y
0		0		1602.72		1145.662
1		0		1388.684		1221.312
2		0		1416.267		1234.414
3		0		1386.761		1252.263
4		0		1236.265		1301.803
5		0		1394.954		1392.021
6		0		1387.723		1236.787
7		0		1390.266		1195.855
9		0		1445.558		1009.094
-1		0		1292.527		1006.055
>>> Logging PEV information for timestep 16.
ID		Status		X		Y
0		0		1597.529		1131.592
1		0		1387.723		1236.787
2		0		1430.059		1240.964
3		0		1385.8		1267.738
4		0		1236.265		1301.803
5		0		1378.108		1391.54
6		0		1388.684		1221.312
7		0		1404.74		1192.382
9		0		1431.883		1010.17
-1		0		1278.33		1004.156
>>> Logging PEV information for timestep 17.
ID		Status		X		Y
0		0		1597.529		1131.592
1		0		1386.761		1252.263
2		0		1443.85		1247.515
3		0		1384.838		1283.213
4		0		1232.406		1286.461
5		0		1378.108		1391.54
6		0		1388.684		1221.312
7		0		1419.213		1188.908
9		0		1418.209		1011.246
-1		0		1264.133		1002.256
>>> Logging PEV information for timestep 18.
ID		Status		X		Y
0		0		1584.149		1136.417
1		0		1385.8		1267.738
2		0		1443.85		1247.515
3		0		1383.877		1298.688
4		0		1228.546		1271.119
5		0		1379.069		1376.065
6		0		1389.475		1208.584
7		0		1433.687		1185.434
9		0		1404.534		1012.322
-1		0		1249.936		1000.357
>>> Logging PEV information for timestep 19.
ID		Status		X		Y
0		0		1570.769		1141.241
1		0		1384.838		1283.213
2		0		1456.956		1253.741
3		0		1382.915		1314.164
4		0		1224.686		1255.777
5		0		1380.031		1360.59
6		0		1390.266		1195.855
7		0		1448.161		1181.961
9		0		1404.534		1012.322
-1		0		1249.936		1000.357
>>> Logging PEV information for timestep 20.
ID		Status		X		Y
0		0		1557.389		1146.066
1		0		1383.877		1298.688
2		0		1470.062		1259.966
3		0		1381.954		1329.639
4		0		1220.827		1240.434
5		0		1380.992		1345.114
6		0		1390.266		1195.855
7		0		1462.634		1178.487
9		0		1405.505		1028.501
-1		0		1234.234		999.973
>>> Logging PEV information for timestep 21.
ID		Status		X		Y
0		0		1544.009		1150.89
1		0		1382.915		1314.164
2		0		1483.168		1266.191
3		0		1380.992		1345.114
4		0		1216.967		1225.092
5		0		1381.954		1329.639
6		0		1376.082		1193.974
7		0		1477.108		1175.013
9		0		1406.475		1044.679
-1		0		1218.531		999.588
>>> Logging PEV information for timestep 22.
ID		Status		X		Y
0		0		1530.629		1155.715
1		0		1381.954		1329.639
2		0		1496.274		1272.416
3		0		1380.031		1360.59
4		0		1213.108		1209.75
5		0		1382.915		1314.164
6		0		1361.897		1192.092
7		0		1477.108		1175.013
9		0		1407.445		1060.858
-1		0		1202.828		999.203
>>> Logging PEV information for timestep 23.
ID		Status		X		Y
0		0		1517.249		1160.54
1		0		1380.992		1345.114
2		0		1509.38		1278.641
3		0		1379.069		1376.065
4		0		1213.108		1209.75
5		0		1383.877		1298.688
6		0		1347.713		1190.211
7		0		1490.488		1170.189
9		0		1408.415		1077.036
-1		0		1187.126		998.819
>>> Logging PEV information for timestep 24.
ID		Status		X		Y
0		0		1503.868		1165.364
1		0		1380.031		1360.59
2		0		1522.486		1284.867
3		0		1378.108		1391.54
4		0		1217.029		1195.378
5		0		1384.838		1283.213
6		0		1333.529		1188.329
7		0		1503.868		1165.364
9		0		1409.385		1093.215
-1		0		1171.423		998.434
>>> Logging PEV information for timestep 25.
ID		Status		X		Y
0		0		1477.108		1175.013
1		0		1379.069		1376.065
2		0		1535.592		1291.092
3		0		1378.108		1391.54
4		0		1220.951		1181.007
5		0		1385.8		1267.738
6		0		1319.345		1186.448
7		0		1517.249		1160.54
9		0		1409.385		1093.215
-1		0		1171.423		998.434
>>> Logging PEV information for timestep 26.
ID		Status		X		Y
0		0		1477.108		1175.013
1		0		1378.108		1391.54
2		0		1548.698		1297.317
3		0		1363.287		1389.803
4		0		1224.873		1166.635
5		0		1386.761		1252.263
6		0		1305.16		1184.566
7		0		1530.629		1155.715
9		0		1400.808		1106.08
-1		0		1156.805		996.552
>>> Logging PEV information for timestep 27.
ID		Status		X		Y
0		0		1462.634		1178.487
1		0		1378.108		1391.54
2		0		1548.698		1297.317
3		0		1348.466		1388.066
4		0		1224.873		1166.635
5		0		1387.723		1236.787
6		0		1290.976		1182.684
7		0		1544.009		1150.89
9		0		1392.231		1118.946
-1		0		1142.186		994.671
>>> Logging PEV information for timestep 28.
ID		Status		X		Y
0		0		1448.161		1181.961
1		0		1363.287		1389.803
2		0		1545.616		1311.989
3		0		1333.645		1386.33
4		0		1210.36		1162.675
5		0		1388.684		1221.312
6		0		1276.792		1180.803
7		0		1557.389		1146.066
9		0		1392.231		1118.946
-1		0		1127.568		992.789
>>> Logging PEV information for timestep 29.
ID		Status		X		Y
0		0		1433.687		1185.434
1		0		1348.466		1388.066
2		0		1542.534		1326.66
3		0		1318.824		1384.593
4		0		1195.848		1158.715
5		0		1388.684		1221.312
6		0		1276.792		1180.803
7		0		1570.769		1141.241
9		0		1391.838		1134.328
-1		0		1112.949		990.908
>>> Logging PEV information for timestep 30.
ID		Status		X		Y
0		0		1419.213		1188.908
1		0		1333.645		1386.33
2		0		1539.453		1341.331
3		0		1304.002		1382.856
4		0		1181.335		1154.754
5		0		1402.476		1227.863
6		0		1263.812		1177.261
7		0		1597.529		1131.592
9		0		1391.445		1149.71
-1		0		1098.331		989.026
>>> Logging PEV information for timestep 31.
ID		Status		X		Y
0		0		1404.74		1192.382
1		0		1318.824		1384.593
2		0		1536.371		1356.003
3		0		1289.181		1381.119
4		0		1166.822		1150.794
5		0		1416.267		1234.414
6		0		1250.832		1173.719
7		0		1597.529		1131.592
9		0		1391.052		1165.091
-1		0		1083.712		987.144
>>> Logging PEV information for timestep 32.
ID		Status		X		Y
0		0		1390.266		1195.855
1		0		1304.002		1382.856
2		0		1533.289		1370.674
3		0		1274.36		1379.382
4		0		1152.31		1146.834
5		0		1430.059		1240.964
6		0		1237.853		1170.177
7		0		1602.72		1145.662
9		0		1390.659		1180.473
-1		0		1069.094		985.263
>>> Logging PEV information for timestep 33.
ID		Status		X		Y
0		0		1390.266		1195.855
1		0		1289.181		1381.119
2		0		1530.208		1385.345
3		0		1259.539		1377.645
4		0		1137.797		1142.874
5		0		1443.85		1247.515
6		0		1224.873		1166.635
7		0		1607.911		1159.731
9		0		1390.266		1195.855
-1		0		1054.476		983.381
>>> Logging PEV information for timestep 34.
ID		Status		X		Y
0		0		1376.082		1193.974
1		0		1274.36		1379.382
2		0		1527.126		1400.017
3		0		1229.897		1374.172
4		0		1123.285		1138.914
5		0		1443.85		1247.515
6		0		1224.873		1166.635
7		0		1613.101		1173.801
9		0		1390.266		1195.855
-1		0		1054.476		983.381
>>> Logging PEV information for timestep 35.
ID		Status		X		Y
0		0		1361.897		1192.092
1		0		1259.539		1377.645
2		0		1527.126		1400.017
3		0		1229.897		1374.172
4		0		1108.772		1134.953
5		0		1456.956		1253.741
6		0		1210.36		1162.675
7		0		1618.292		1187.87
9		0		1376.082		1193.974
-1		0		1039.785		980.269
>>> Logging PEV information for timestep 36.
ID		Status		X		Y
0		0		1347.713		1190.211
1		0		1229.897		1374.172
2		0		1513.058		1399.012
3		0		1215.792		1370.593
4		0		1094.26		1130.993
5		0		1470.062		1259.966
6		0		1195.848		1158.715
7		0		1623.483		1201.94
9		0		1361.897		1192.092
-1		0		1025.094		977.158
>>> Logging PEV information for timestep 37.
ID		Status		X		Y
0		0		1333.529		1188.329
1		0		1229.897		1374.172
2		0		1498.989		1398.007
3		0		1201.686		1367.014
4		0		1079.747		1127.033
5		0		1483.168		1266.191
6		0		1181.335		1154.754
7		0		1628.674		1216.009
9		0		1347.713		1190.211
-1		0		1010.403		974.046
>>> Logging PEV information for timestep 38.
ID		Status		X		Y
0		0		1319.345		1186.448
1		0		1231.171		1359.698
2		0		1484.921		1397.002
3		0		1187.581		1363.435
4		0		1065.234		1123.073
5		0		1496.274		1272.416
6		0		1166.822		1150.794
7		0		1633.864		1230.079
9		0		1333.529		1188.329
-1		0		995.712		970.934
>>> Logging PEV information for timestep 39.
ID		Status		X		Y
0		0		1305.16		1184.566
1		0		1232.444		1345.224
2		0		1470.852		1395.997
3		0		1173.476		1359.856
4		0		1050.722		1119.112
5		0		1509.38		1278.641
6		0		1152.31		1146.834
7		0		1633.864		1230.079
9		0		1319.345		1186.448
-1		0		981.021		967.822
>>> Logging PEV information for timestep 40.
ID		Status		X		Y
0		0		1290.976		1182.684
1		0		1233.718		1330.75
2		0		1456.784		1394.992
3		0		1159.371		1356.277
4		0		1050.722		1119.112
5		0		1522.486		1284.867
6		0		1137.797		1142.874
7		0		1621.698		1239.684
9		0		1305.16		1184.566
-1		0		966.331		964.71
>>> Logging PEV information for timestep 41.
ID		Status		X		Y
0		0		1276.792		1180.803
1		0		1234.992		1316.277
2		0		1442.715		1393.987
3		0		1145.265		1352.698
4		0		1036.283		1115.172
5		0		1535.592		1291.092
6		0		1123.285		1138.914
7		0		1609.531		1249.29
9		0		1290.976		1182.684
-1		0		951.64		961.598
>>> Logging PEV information for timestep 42.
ID		Status		X		Y
0		0		1276.792		1180.803
1		0		1236.265		1301.803
2		0		1428.647		1392.983
3		0		1131.16		1349.119
4		0		1021.844		1111.232
5		0		1548.698		1297.317
6		0		1108.772		1134.953
7		0		1597.364		1258.895
9		0		1276.792		1180.803
-1		0		936.949		958.487
>>> Logging PEV information for timestep 43.
ID		Status		X		Y
0		0		1263.812		1177.261
1		0		1236.265		1301.803
2		0		1428.647		1392.983
3		0		1117.055		1345.54
4		0		1007.406		1107.292
5		0		1548.698		1297.317
6		0		1094.26		1130.993
7		0		1585.198		1268.501
9		0		1276.792		1180.803
-1		0		936.949		958.487
>>> Logging PEV information for timestep 44.
ID		Status		X		Y
0		0		1250.832		1173.719
1		0		1232.406		1286.461
2		0		1430.167		1378.436
3		0		1102.949		1341.961
4		0		992.967		1103.352
5		0		1545.616		1311.989
6		0		1079.747		1127.033
7		0		1573.031		1278.106
9		0		1263.812		1177.261
-1		0		933.258		973.901
>>> Logging PEV information for timestep 45.
ID		Status		X		Y
0		0		1237.853		1170.177
1		0		1228.546		1271.119
2		0		1431.688		1363.889
3		0		1088.844		1338.382
4		0		978.528		1099.412
5		0		1542.534		1326.66
6		0		1065.234		1123.073
7		0		1560.864		1287.712
9		0		1250.832		1173.719
-1		0		929.567		989.316
>>> Logging PEV information for timestep 46.
ID		Status		X		Y
0		0		1224.873		1166.635
1		0		1224.686		1255.777
2		0		1433.208		1349.342
3		0		1074.739		1334.803
4		0		964.09		1095.472
5		0		1539.453		1341.331
6		0		1050.722		1119.112
7		0		1548.698		1297.317
9		0		1237.853		1170.177
-1		0		925.877		1004.73
>>> Logging PEV information for timestep 47.
ID		Status		X		Y
0		0		1224.873		1166.635
1		0		1220.827		1240.434
2		0		1434.728		1334.796
3		0		1074.739		1334.803
4		0		949.651		1091.532
5		0		1536.371		1356.003
6		0		1050.722		1119.112
7		0		1548.698		1297.317
9		0		1224.873		1166.635
-1		0		922.186		1020.145
>>> Logging PEV information for timestep 48.
ID		Status		X		Y
0		0		1210.36		1162.675
1		0		1216.967		1225.092
2		0		1436.248		1320.249
3		0		1060.017		1330.42
4		0		935.212		1087.592
5		0		1533.289		1370.674
6		0		1036.283		1115.172
7		0		1545.616		1311.989
9		0		1224.873		1166.635
-1		0		918.495		1035.559
>>> Logging PEV information for timestep 49.
ID		Status		X		Y
0		0		1195.848		1158.715
1		0		1213.108		1209.75
2		0		1437.769		1305.702
3		0		1045.295		1326.036
4		0		935.212		1087.592
5		0		1530.208		1385.345
6		0		1021.844		1111.232
7		0		1542.534		1326.66
9		0		1210.36		1162.675
-1		0		914.804		1050.974
>>> Logging PEV information for timestep 50.
ID		Status		X		Y
0		0		1181.335		1154.754
1		0		1213.108		1209.75
2		0		1439.289		1291.155
3		0		1030.573		1321.653
4		0		921.317		1084.697
5		0		1527.126		1400.017
6		0		1007.406		1107.292
7		0		1539.453		1341.331
9		0		1195.848		1158.715
-1		0		911.113		1066.388
>>> Logging PEV information for timestep 51.
ID		Status		X		Y
0		0		1166.822		1150.794
1		0		1217.029		1195.378
2		0		1440.809		1276.609
3		0		1015.851		1317.269
4		0		907.423		1081.803
5		0		1527.126		1400.017
6		0		992.967		1103.352
7		0		1536.371		1356.003
9		0		1181.335		1154.754
-1		0		907.423		1081.803
>>> Logging PEV information for timestep 52.
ID		Status		X		Y
0		0		1152.31		1146.834
1		0		1220.951		1181.007
2		0		1443.85		1247.515
3		0		1001.13		1312.886
4		0		907.423		1081.803
5		0		1513.058		1399.012
6		0		978.528		1099.412
7		0		1533.289		1370.674
9		0		1166.822		1150.794
-1		0		907.423		1081.803
>>> Logging PEV information for timestep 53.
ID		Status		X		Y
0		0		1137.797		1142.874
1		0		1224.873		1166.635
2		0		1443.85		1247.515
3		0		986.408		1308.502
4		0		911.113		1066.388
5		0		1498.989		1398.007
6		0		964.09		1095.472
7		0		1530.208		1385.345
9		0		1152.31		1146.834
-1		0		901.791		1097.993
>>> Logging PEV information for timestep 54.
ID		Status		X		Y
0		0		1123.285		1138.914
1		0		1224.873		1166.635
2		0		1430.059		1240.964
3		0		971.686		1304.119
4		0		914.804		1050.974
5		0		1484.921		1397.002
6		0		949.651		1091.532
7		0		1527.126		1400.017
9		0		1137.797		1142.874
-1		0		896.16		1114.183
>>> Logging PEV information for timestep 55.
ID		Status		X		Y
0		0		1108.772		1134.953
1		0		1210.36		1162.675
2		0		1416.267		1234.414
3		0		971.686		1304.119
4		0		918.495		1035.559
5		0		1470.852		1395.997
6		0		935.212		1087.592
7		0		1527.126		1400.017
9		0		1123.285		1138.914
-1		0		890.529		1130.373
>>> Logging PEV information for timestep 56.
ID		Status		X		Y
0		0		1094.26		1130.993
1		0		1195.848		1158.715
2		0		1402.476		1227.863
3		0		971.3		1289.388
4		0		922.186		1020.145
5		0		1456.784		1394.992
6		0		935.212		1087.592
7		0		1513.058		1399.012
9		0		1108.772		1134.953
-1		0		890.529		1130.373
>>> Logging PEV information for timestep 57.
ID		Status		X		Y
0		0		1079.747		1127.033
1		0		1181.335		1154.754
2		0		1388.684		1221.312
3		0		970.914		1274.657
4		0		925.877		1004.73
5		0		1442.715		1393.987
6		0		921.317		1084.697
7		0		1498.989		1398.007
9		0		1094.26		1130.993
-1		0		903.476		1137.234
>>> Logging PEV information for timestep 58.
ID		Status		X		Y
0		0		1065.234		1123.073
1		0		1166.822		1150.794
2		0		1388.684		1221.312
3		0		970.528		1259.926
4		0		929.567		989.316
5		0		1428.647		1392.983
6		0		907.423		1081.803
7		0		1484.921		1397.002
9		0		1079.747		1127.033
-1		0		916.423		1144.095
>>> Logging PEV information for timestep 59.
ID		Status		X		Y
0		0		1050.722		1119.112
1		0		1152.31		1146.834
2		0		1389.475		1208.584
3		0		970.142		1245.195
4		0		933.258		973.901
5		0		1428.647		1392.983
6		0		907.423		1081.803
7		0		1470.852		1395.997
9		0		1065.234		1123.073
-1		0		929.37		1150.956
>>> Logging PEV information for timestep 60.
ID		Status		X		Y
0		0		1050.722		1119.112
1		0		1137.797		1142.874
2		0		1390.266		1195.855
3		0		969.756		1230.464
4		0		936.949		958.487
5		0		1411.801		1392.502
6		0		911.113		1066.388
7		0		1456.784		1394.992
9		0		1050.722		1119.112
-1		0		942.318		1157.817
>>> Logging PEV information for timestep 61.
ID		Status		X		Y
0		0		1036.283		1115.172
1		0		1123.285		1138.914
2		0		1390.266		1195.855
3		0		969.37		1215.733
4		0		936.949		958.487
5		0		1394.954		1392.021
6		0		914.804		1050.974
7		0		1442.715		1393.987
9		0		1050.722		1119.112
-1		0		955.265		1164.678
>>> Logging PEV information for timestep 62.
ID		Status		X		Y
0		0		1021.844		1111.232
1		0		1108.772		1134.953
2		0		1376.082		1193.974
3		0		968.984		1201.002
4		0		941.195		944.785
5		0		1378.108		1391.54
6		0		918.495		1035.559
7		0		1428.647		1392.983
9		0		1052.795		1135.184
-1		0		968.212		1171.54
>>> Logging PEV information for timestep 63.
ID		Status		X		Y
0		0		1007.406		1107.292
1		0		1094.26		1130.993
2		0		1361.897		1192.092
3		0		968.212		1171.54
4		0		945.44		931.083
5		0		1378.108		1391.54
6		0		922.186		1020.145
7		0		1428.647		1392.983
9		0		1054.868		1151.255
-1		0		968.212		1171.54
>>> Logging PEV information for timestep 64.
ID		Status		X		Y
0		0		992.967		1103.352
1		0		1079.747		1127.033
2		0		1347.713		1190.211
3		0		968.212		1171.54
4		0		949.686		917.381
5		0		1379.069		1376.065
6		0		925.877		1004.73
7		0		1430.167		1378.436
9		0		1056.941		1167.326
-1		0		968.598		1186.271
>>> Logging PEV information for timestep 65.
ID		Status		X		Y
0		0		978.528		1099.412
1		0		1065.234		1123.073
2		0		1333.529		1188.329
3		0		955.265		1164.678
4		0		949.686		917.381
5		0		1380.031		1360.59
6		0		929.567		989.316
7		0		1431.688		1363.889
9		0		1059.014		1183.397
-1		0		968.984		1201.002
>>> Logging PEV information for timestep 66.
ID		Status		X		Y
0		0		964.09		1095.472
1		0		1050.722		1119.112
2		0		1319.345		1186.448
3		0		942.318		1157.817
4		0		949.107		901.364
5		0		1380.992		1345.114
6		0		933.258		973.901
7		0		1433.208		1349.342
9		0		1061.087		1199.468
-1		0		969.37		1215.733
>>> Logging PEV information for timestep 67.
ID		Status		X		Y
0		0		949.651		1091.532
1		0		1050.722		1119.112
2		0		1305.16		1184.566
3		0		929.37		1150.956
4		0		948.528		885.346
5		0		1381.954		1329.639
6		0		936.949		958.487
7		0		1434.728		1334.796
9		0		1063.16		1215.54
-1		0		969.756		1230.464
>>> Logging PEV information for timestep 68.
ID		Status		X		Y
0		0		935.212		1087.592
1		0		1036.283		1115.172
2		0		1290.976		1182.684
3		0		916.423		1144.095
4		0		947.949		869.328
5		0		1382.915		1314.164
6		0		936.949		958.487
7		0		1436.248		1320.249
9		0		1063.16		1215.54
-1		0		970.142		1245.195
>>> Logging PEV information for timestep 69.
ID		Status		X		Y
0		0		935.212		1087.592
1		0		1021.844		1111.232
2		0		1276.792		1180.803
3		0		903.476		1137.234
4		0		947.949		869.328
5		0		1383.877		1298.688
6		0		941.195		944.785
7		0		1437.769		1305.702
9		0		1064.607		1230.448
-1		0		970.528		1259.926
>>> Logging PEV information for timestep 70.
ID		Status		X		Y
0		0		921.317		1084.697
1		0		1007.406		1107.292
2		0		1276.792		1180.803
3		0		890.529		1130.373
4		0		962.709		867.935
5		0		1384.838		1283.213
6		0		945.44		931.083
7		0		1439.289		1291.155
9		0		1066.055		1245.356
-1		0		970.914		1274.657
>>> Logging PEV information for timestep 71.
ID		Status		X		Y
0		0		907.423		1081.803
1		0		992.967		1103.352
2		0		1263.812		1177.261
3		0		890.529		1130.373
4		0		977.469		866.541
5		0		1385.8		1267.738
6		0		949.686		917.381
7		0		1440.809		1276.609
9		0		1067.502		1260.263
-1		0		971.686		1304.119
>>> Logging PEV information for timestep 72.
ID		Status		X		Y
0		0		907.423		1081.803
1		0		978.528		1099.412
2		0		1250.832		1173.719
3		0		896.16		1114.183
4		0		992.23		865.147
5		0		1386.761		1252.263
6		0		949.686		917.381
7		0		1443.85		1247.515
9		0		1068.949		1275.171
-1		0		971.686		1304.119
>>> Logging PEV information for timestep 73.
ID		Status		X		Y
0		0		901.791		1097.993
1		0		964.09		1095.472
2		0		1237.853		1170.177
3		0		901.791		1097.993
4		0		1006.99		863.754
5		0		1387.723		1236.787
6		0		949.107		901.364
7		0		1443.85		1247.515
9		0		1070.397		1290.079
-1		0		957.856		1298.651
>>> Logging PEV information for timestep 74.
ID		Status		X		Y
0		0		896.16		1114.183
1		0		949.651		1091.532
2		0		1224.873		1166.635
3		0		907.423		1081.803
4		0		1021.75		862.36
5		0		1388.684		1221.312
6		0		948.528		885.346
7		0		1456.956		1253.741
9		0		1071.844		1304.987
-1		0		944.025		1293.183
>>> Logging PEV information for timestep 75.
ID		Status		X		Y
0		0		890.529		1130.373
1		0		935.212		1087.592
2		0		1224.873		1166.635
3		0		907.423		1081.803
4		0		1036.51		860.966
5		0		1388.684		1221.312
6		0		947.949		869.328
7		0		1470.062		1259.966
9		0		1073.291		1319.895
-1		0		930.195		1287.715
>>> Logging PEV information for timestep 76.
ID		Status		X		Y
0		0		890.529		1130.373
1		0		935.212		1087.592
2		0		1210.36		1162.675
3		0		911.113		1066.388
4		0		1051.27		859.573
5		0		1389.475		1208.584
6		0		947.949		869.328
7		0		1483.168		1266.191
9		0		1074.739		1334.803
-1		0		916.364		1282.247
>>> Logging PEV information for timestep 77.
ID		Status		X		Y
0		0		885.716		1144.21
1		0		921.317		1084.697
2		0		1195.848		1158.715
3		0		914.804		1050.974
4		0		1066.031		858.179
5		0		1390.266		1195.855
6		0		962.709		867.935
7		0		1496.274		1272.416
9		0		1074.739		1334.803
-1		0		902.534		1276.78
>>> Logging PEV information for timestep 78.
ID		Status		X		Y
0		0		880.903		1158.047
1		0		907.423		1081.803
2		0		1181.335		1154.754
3		0		918.495		1035.559
4		0		1080.791		856.785
5		0		1390.266		1195.855
6		0		977.469		866.541
7		0		1509.38		1278.641
9		0		1088.844		1338.382
-1		0		888.703		1271.312
>>> Logging PEV information for timestep 79.
ID		Status		X		Y
0		0		876.09		1171.885
1		0		907.423		1081.803
2		0		1166.822		1150.794
3		0		922.186		1020.145
4		0		1095.551		855.392
5		0		1390.659		1180.473
6		0		992.23		865.147
7		0		1522.486		1284.867
9		0		1102.949		1341.961
-1		0		874.873		1265.844
>>> Logging PEV information for timestep 80.
ID		Status		X		Y
0		0		871.277		1185.722
1		0		911.113		1066.388
2		0		1152.31		1146.834
3		0		925.877		1004.73
4		0		1110.311		853.998
5		0		1391.052		1165.091
6		0		1006.99		863.754
7		0		1535.592		1291.092
9		0		1117.055		1345.54
-1		0		847.212		1254.908
>>> Logging PEV information for timestep 81.
ID		Status		X		Y
0		0		866.464		1199.559
1		0		914.804		1050.974
2		0		1137.797		1142.874
3		0		929.567		989.316
4		0		1125.071		852.604
5		0		1391.445		1149.71
6		0		1021.75		862.36
7		0		1548.698		1297.317
9		0		1131.16		1349.119
-1		0		847.212		1254.908
>>> Logging PEV information for timestep 82.
ID		Status		X		Y
0		0		861.651		1213.396
1		0		918.495		1035.559
2		0		1123.285		1138.914
3		0		933.258		973.901
4		0		1139.832		851.211
5		0		1391.838		1134.328
6		0		1036.51		860.966
7		0		1548.698		1297.317
9		0		1145.265		1352.698
-1		0		852.025		1241.071
>>> Logging PEV information for timestep 83.
ID		Status		X		Y
0		0		856.838		1227.234
1		0		922.186		1020.145
2		0		1108.772		1134.953
3		0		936.949		958.487
4		0		1154.592		849.817
5		0		1392.231		1118.946
6		0		1051.27		859.573
7		0		1545.616		1311.989
9		0		1159.371		1356.277
-1		0		856.838		1227.234
>>> Logging PEV information for timestep 84.
ID		Status		X		Y
0		0		847.212		1254.908
1		0		925.877		1004.73
2		0		1094.26		1130.993
3		0		936.949		958.487
4		0		1169.352		848.423
5		0		1392.231		1118.946
6		0		1066.031		858.179
7		0		1542.534		1326.66
9		0		1173.476		1359.856
-1		0		861.651		1213.396
>>> Logging PEV information for timestep 85.
ID		Status		X		Y
0		0		847.212		1254.908
1		0		929.567		989.316
2		0		1079.747		1127.033
3		0		941.195		944.785
4		0		1184.112		847.03
5		0		1400.808		1106.08
6		0		1080.791		856.785
7		0		1539.453		1341.331
9		0		1187.581		1363.435
-1		0		866.464		1199.559
>>> Logging PEV information for timestep 86.
ID		Status		X		Y
0		0		861.042		1260.376
1		0		933.258		973.901
2		0		1065.234		1123.073
3		0		945.44		931.083
4		0		1198.872		845.636
5		0		1409.385		1093.215
6		0		1095.551		855.392
7		0		1536.371		1356.003
9		0		1201.686		1367.014
-1		0		871.277		1185.722
>>> Logging PEV information for timestep 87.
ID		Status		X		Y
0		0		874.873		1265.844
1		0		936.949		958.487
2		0		1050.722		1119.112
3		0		949.686		917.381
4		0		1213.632		844.242
5		0		1409.385		1093.215
6		0		1110.311		853.998
7		0		1533.289		1370.674
9		0		1215.792		1370.593
-1		0		876.09		1171.885
>>> Logging PEV information for timestep 88.
ID		Status		X		Y
0		0		888.703		1271.312
1		0		936.949		958.487
2		0		1050.722		1119.112
3		0		949.686		917.381
4		0		1228.393		842.849
5		0		1408.415		1077.036
6		0		1125.071		852.604
7		0		1530.208		1385.345
9		0		1229.897		1374.172
-1		0		880.903		1158.047
>>> Logging PEV information for timestep 89.
ID		Status		X		Y
0		0		902.534		1276.78
1		0		941.195		944.785
2		0		1036.283		1115.172
3		0		949.107		901.364
4		0		1257.913		840.061
5		0		1407.445		1060.858
6		0		1139.832		851.211
7		0		1527.126		1400.017
9		0		1229.897		1374.172
-1		0		890.529		1130.373
>>> Logging PEV information for timestep 90.
ID		Status		X		Y
0		0		916.364		1282.247
1		0		945.44		931.083
2		0		1021.844		1111.232
3		0		948.528		885.346
4		0		1257.913		840.061
5		0		1406.475		1044.679
6		0		1154.592		849.817
7		0		1527.126		1400.017
9		0		1231.171		1359.698
-1		0		890.529		1130.373
>>> Logging PEV information for timestep 91.
ID		Status		X		Y
0		0		930.195		1287.715
1		0		949.686		917.381
2		0		1007.406		1107.292
3		0		947.949		869.328
4		0		1272.673		838.813
5		0		1405.505		1028.501
6		0		1169.352		848.423
7		0		1513.058		1399.012
9		0		1232.444		1345.224
-1		0		903.476		1137.234
>>> Logging PEV information for timestep 92.
ID		Status		X		Y
0		0		944.025		1293.183
1		0		949.686		917.381
2		0		992.967		1103.352
3		0		947.949		869.328
4		0		1287.433		837.565
5		0		1404.534		1012.322
6		0		1184.112		847.03
7		0		1498.989		1398.007
9		0		1233.718		1330.75
-1		0		916.423		1144.095
>>> Logging PEV information for timestep 93.
ID		Status		X		Y
0		0		971.686		1304.119
1		0		949.107		901.364
2		0		978.528		1099.412
3		0		962.709		867.935
4		0		1302.192		836.317
5		0		1404.534		1012.322
6		0		1198.872		845.636
7		0		1484.921		1397.002
9		0		1234.992		1316.277
-1		0		929.37		1150.956
>>> Logging PEV information for timestep 94.
ID		Status		X		Y
0		0		971.686		1304.119
1		0		948.528		885.346
2		0		964.09		1095.472
3		0		977.469		866.541
4		0		1316.952		835.069
5		0		1418.209		1011.246
6		0		1213.632		844.242
7		0		1470.852		1395.997
9		0		1236.265		1301.803
-1		0		942.318		1157.817
>>> Logging PEV information for timestep 95.
ID		Status		X		Y
0		0		971.3		1289.388
1		0		947.949		869.328
2		0		949.651		1091.532
3		0		992.23		865.147
4		0		1331.712		833.821
5		0		1431.883		1010.17
6		0		1228.393		842.849
7		0		1456.784		1394.992
9		0		1236.265		1301.803
-1		0		955.265		1164.678
>>> Logging PEV information for timestep 96.
ID		Status		X		Y
0		0		970.914		1274.657
1		0		947.949		869.328
2		0		935.212		1087.592
3		0		1006.99		863.754
4		0		1346.472		832.573
5		0		1445.558		1009.094
6		0		1257.913		840.061
7		0		1442.715		1393.987
9		0		1232.406		1286.461
-1		0		968.212		1171.54
>>> Logging PEV information for timestep 97.
ID		Status		X		Y
0		0		970.528		1259.926
1		0		962.709		867.935
2		0		935.212		1087.592
3		0		1021.75		862.36
4		0		1361.232		831.325
5		0		1445.558		1009.094
6		0		1257.913		840.061
7		0		1428.647		1392.983
9		0		1228.546		1271.119
-1		0		968.212		1171.54
>>> Logging PEV information for timestep 98.
ID		Status		X		Y
0		0		970.142		1245.195
1		0		977.469		866.541
2		0		921.317		1084.697
3		0		1036.51		860.966
4		0		1361.232		831.325
5		0		1460.676		1008.638
6		0		1258.926		854.622
7		0		1428.647		1392.983
9		0		1224.686		1255.777
-1		0		968.598		1186.271
>>> Logging PEV information for timestep 99.
ID		Status		X		Y
0		0		969.756		1230.464
1		0		992.23		865.147
2		0		907.423		1081.803
3		0		1051.27		859.573
4		0		1375.835		830.312
5		0		1475.794		1008.182
6		0		1259.939		869.183
7		0		1411.801		1392.502
9		0		1220.827		1240.434
-1		0		968.984		1201.002
>>> Logging PEV information for timestep 100.
ID		Status		X		Y
0		0		969.37		1215.733
1		0		1006.99		863.754
2		0		907.423		1081.803
3		0		1066.031		858.179
4		0		1390.438		829.299
5		0		1490.912		1007.726
6		0		1260.952		883.744
7		0		1394.954		1392.021
9		0		1216.967		1225.092
-1		0		969.37		1215.733
>>> Logging PEV information for timestep 101.
ID		Status		X		Y
0		0		968.984		1201.002
1		0		1021.75		862.36
2		0		901.791		1097.993
3		0		1080.791		856.785
4		0		1405.041		828.286
5		0		1506.03		1007.27
6		0		1260.952		883.744
7		0		1378.108		1391.54
9		0		1213.108		1209.75
-1		0		969.756		1230.464
