Simulation initialized.
Using LogStatus type of DetailedPrint.
>>> Logging PEV information for timestep 10.
ID		Status		X		Y
0		0		1391.838		1134.328
1		0		901.791		1097.993
2		0		1361.612		876.907
3		0		1391.052		1165.091
5		0		1224.686		1255.777
6		0		1260.952		883.744
7		0		861.651		1213.396
8		0		921.317		1084.697
9		0		1419.213		1188.908
-1		0		1408.415		1077.036
>>> Logging PEV information for timestep 20.
ID		Status		X		Y
0		0		1462.634		1178.487
1		0		856.838		1227.234
2		0		1259.736		912.005
3		0		1405.505		1028.501
5		0		1195.848		1158.715
6		0		1184.112		847.03
7		0		944.025		1293.183
8		0		1050.722		1119.112
9		0		1400.808		1106.08
-1		0		1390.266		1195.855
>>> Logging PEV information for timestep 30.
ID		Status		X		Y
0		0		1404.74		1192.382
1		0		971.686		1304.119
2		0		1218.531		999.588
3		0		1538.621		1001.687
5		0		1050.722		1119.112
6		0		1036.51		860.966
7		0		1074.739		1334.803
8		0		1066.055		1245.356
9		0		1404.534		1012.322
-1		0		1456.956		1253.741
>>> Logging PEV information for timestep 40.
ID		Status		X		Y
0		0		1250.832		1173.719
1		0		968.212		1171.54
2		0		1202.828		999.203
3		0		1445.558		1009.094
5		0		935.212		1087.592
6		0		949.686		917.381
7		0		1061.087		1199.468
8		0		1030.573		1321.653
9		0		1556.094		996.559
-1		0		1573.031		1278.106
>>> Logging PEV information for timestep 50.
ID		Status		X		Y
0		0		1108.772		1134.953
1		0		876.09		1171.885
2		0		1260.344		897.874
3		0		1306.724		1007.954
5		0		933.258		973.901
6		0		914.804		1050.974
7		0		992.967		1103.352
8		0		969.756		1230.464
9		0		1584.149		1136.417
-1		0		1613.101		1173.801
>>> Logging PEV information for timestep 60.
ID		Status		X		Y
0		0		964.09		1095.472
1		0		902.534		1276.78
2		0		1361.358		846.519
3		0		1156.805		996.552
5		0		947.949		869.328
6		0		992.967		1103.352
7		0		914.804		1050.974
8		0		890.529		1130.373
9		0		1448.161		1181.961
-1		0		1517.249		1160.54
>>> Logging PEV information for timestep 70.
ID		Status		X		Y
0		0		929.37		1150.956
1		0		1045.295		1326.036
2		0		1492.659		822.208
3		0		1010.403		974.046
5		0		1095.551		855.392
6		0		1137.797		1142.874
7		0		949.686		917.381
8		0		964.09		1095.472
9		0		1305.16		1184.566
-1		0		1390.266		1195.855
>>> Logging PEV information for timestep 80.
ID		Status		X		Y
0		0		1409.385		1093.215
1		0		1173.476		1359.856
2		0		1545.521		967.5
3		0		918.495		1035.559
5		0		1257.913		840.061
6		0		1276.792		1180.803
7		0		1021.75		862.36
8		0		1094.26		1130.993
9		0		1545.521		967.5
-1		0		1263.812		1177.261
>>> Logging PEV information for timestep 90.
ID		Status		X		Y
0		0		1445.558		1009.094
1		0		1236.265		1301.803
2		0		1390.438		829.299
3		0		871.277		1185.722
5		0		1361.358		846.519
6		0		1402.476		1227.863
7		0		1169.352		848.423
8		0		1224.873		1166.635
9		0		1492.659		822.208
-1		0		1220.827		1240.434
>>> Logging PEV information for timestep 100.
ID		Status		X		Y
0		0		1556.094		996.559
1		0		1220.951		1181.007
2		0		1508.518		865.796
3		0		1529.663		923.913
5		0		1260.952		883.744
6		0		1535.592		1291.092
7		0		1260.952		883.744
8		0		1236.265		1301.803
9		0		1361.358		846.519
-1		0		1229.897		1374.172
>>> Logging PEV information for timestep 110.
ID		Status		X		Y
0		0		1584.149		1136.417
1		0		1108.772		1134.953
2		0		1556.094		996.559
3		0		1506.03		1007.27
5		0		1249.936		1000.357
6		0		1539.453		1341.331
7		0		1361.358		846.519
8		0		1304.002		1382.856
9		0		1260.344		897.874
-1		0		1378.108		1391.54
>>> Logging PEV information for timestep 120.
ID		Status		X		Y
0		0		1448.161		1181.961
1		0		964.09		1095.472
2		0		1584.149		1136.417
3		0		1406.475		1044.679
5		0		1390.86		1013.399
6		0		1456.956		1253.741
7		0		1228.393		842.849
8		0		1381.954		1329.639
9		0		1202.828		999.203
-1		0		1498.989		1398.007
>>> Logging PEV information for timestep 130.
ID		Status		X		Y
0		0		1305.16		1184.566
1		0		929.567		989.316
2		0		1583.718		1086.581
3		0		1376.082		1193.974
5		0		1391.445		1149.71
6		0		1391.445		1149.71
7		0		1080.791		856.785
8		0		1304.002		1382.856
9		0		1054.476		983.381
-1		0		1548.698		1297.317
>>> Logging PEV information for timestep 140.
ID		Status		X		Y
0		0		1166.822		1150.794
1		0		935.212		1087.592
2		0		1534.949		938.442
3		0		1237.853		1170.177
5		0		1276.792		1180.803
6		0		1390.86		1013.399
7		0		948.528		885.346
8		0		1159.371		1356.277
9		0		1419.644		827.273
-1		0		1628.674		1216.009
>>> Logging PEV information for timestep 150.
ID		Status		X		Y
0		0		1021.844		1111.232
1		0		1054.868		1151.255
2		0		1463.453		824.234
3		0		1094.26		1130.993
5		0		1137.797		1142.874
6		0		1249.936		1000.357
7		0		918.495		1035.559
8		0		1015.851		1317.269
9		0		1519.09		894.854
-1		0		1583.718		1086.581
>>> Logging PEV information for timestep 160.
ID		Status		X		Y
0		0		896.16		1114.183
1		0		1071.844		1304.987
2		0		1316.952		835.069
3		0		1056.941		1167.326
5		0		992.967		1103.352
6		0		1258.926		854.622
7		0		911.113		1066.388
8		0		1379.069		1376.065
9		0		1506.03		1007.27
-1		0		1534.949		938.442
>>> Logging PEV information for timestep 170.
ID		Status		X		Y
0		0		1361.897		1192.092
1		0		907.423		1081.803
2		0		1169.352		848.423
3		0		1073.291		1319.895
5		0		903.476		1137.234
6		0		1125.071		852.604
7		0		949.686		917.381
8		0		1274.36		1379.382
9		0		1407.445		1060.858
-1		0		1478.056		823.221
>>> Logging PEV information for timestep 180.
ID		Status		X		Y
0		0		1224.873		1166.635
1		0		907.423		1081.803
2		0		1021.75		862.36
3		0		1201.686		1367.014
5		0		1263.812		1177.261
6		0		1573.031		1278.106
7		0		1050.722		1119.112
8		0		1131.16		1349.119
9		0		1361.897		1192.092
-1		0		1331.712		833.821
>>> Logging PEV information for timestep 190.
ID		Status		X		Y
0		0		1276.792		1180.803
1		0		1050.722		1119.112
2		0		941.195		944.785
3		0		1007.406		1107.292
5		0		1391.052		1165.091
6		0		1613.101		1173.801
7		0		1195.848		1158.715
8		0		1066.055		1245.356
9		0		1224.873		1166.635
-1		0		1260.952		883.744
>>> Logging PEV information for timestep 200.
ID		Status		X		Y
0		0		1402.476		1227.863
1		0		1068.949		1275.171
2		0		901.791		1097.993
3		0		918.495		1035.559
5		0		1404.534		1012.322
6		0		1573.031		1278.106
7		0		1333.529		1188.329
8		0		1021.844		1111.232
9		0		1079.747		1127.033
-1		0		1361.358		846.519
>>> Logging PEV information for timestep 210.
ID		Status		X		Y
0		0		1433.208		1349.342
1		0		1159.371		1356.277
2		0		968.984		1201.002
3		0		1010.403		974.046
5		0		1264.133		1002.256
6		0		1513.058		1399.012
7		0		1409.385		1093.215
8		0		914.804		1050.974
9		0		935.212		1087.592
-1		0		1257.913		840.061
>>> Logging PEV information for timestep 220.
ID		Status		X		Y
0		0		1217.029		1195.378
1		0		1304.002		1382.856
2		0		1015.851		1317.269
3		0		1156.805		996.552
5		0		1259.939		869.183
6		0		1363.287		1389.803
7		0		1475.794		1008.182
8		0		949.107		901.364
9		0		936.949		958.487
-1		0		1347.232		877.883
>>> Logging PEV information for timestep 230.
ID		Status		X		Y
0		0		1232.444		1345.224
1		0		1382.915		1314.164
2		0		1169.352		848.423
3		0		1292.527		1006.055
5		0		1259.939		869.183
6		0		1215.792		1370.593
7		0		1407.445		1060.858
8		0		1066.031		858.179
9		0		1006.99		863.754
-1		0		1302.192		836.317
>>> Logging PEV information for timestep 240.
ID		Status		X		Y
0		0		1348.466		1388.066
1		0		1391.052		1165.091
2		0		1021.75		862.36
3		0		1407.445		1060.858
5		0		1264.133		1002.256
6		0		1074.739		1334.803
7		0		1389.475		1208.584
8		0		1213.632		844.242
9		0		1154.592		849.817
-1		0		1289.712		881.79
>>> Logging PEV information for timestep 250.
ID		Status		X		Y
0		0		1498.989		1398.007
1		0		1404.534		1012.322
2		0		941.195		944.785
3		0		1361.897		1192.092
5		0		1404.534		1012.322
6		0		970.528		1259.926
7		0		1445.558		1009.094
8		0		1045.295		1326.036
9		0		1263.812		1177.261
-1		0		1361.232		831.325
>>> Logging PEV information for timestep 260.
ID		Status		X		Y
0		0		1560.864		1287.712
1		0		1264.133		1002.256
2		0		901.791		1097.993
3		0		1224.873		1166.635
5		0		1391.052		1165.091
6		0		1597.529		1131.592
7		0		1306.724		1007.954
8		0		969.756		1230.464
9		0		1404.74		1192.382
-1		0		1497.945		836.738
>>> Logging PEV information for timestep 270.
ID		Status		X		Y
0		0		1244.718		1375.908
1		0		1333.645		1386.33
2		0		968.984		1201.002
3		0		1079.747		1127.033
5		0		1302.192		836.317
6		0		1538.621		1001.687
7		0		1156.805		996.552
8		0		890.529		1130.373
9		0		1400.808		1106.08
-1		0		1550.808		982.03
>>> Logging PEV information for timestep 280.
ID		Status		X		Y
0		0		1379.069		1376.065
1		0		1384.838		1283.213
2		0		971.686		1304.119
3		0		1335.117		1011.753
5		0		1287.433		837.565
6		0		1390.86		1013.399
7		0		1010.403		974.046
8		0		933.258		973.901
9		0		1349.314		1013.652
-1		0		1597.529		1131.592
>>> Logging PEV information for timestep 290.
ID		Status		X		Y
0		0		1388.684		1221.312
1		0		1391.838		1134.328
2		0		1117.055		1345.54
3		0		1409.385		1093.215
5		0		1434.247		826.26
6		0		1249.936		1000.357
7		0		918.495		1035.559
8		0		992.23		865.147
9		0		1257.913		954.396
-1		0		1477.108		1175.013
>>> Logging PEV information for timestep 300.
ID		Status		X		Y
0		0		1408.415		1077.036
1		0		1377.185		1014.475
2		0		1259.539		1377.645
3		0		1402.476		1227.863
5		0		1524.377		909.384
6		0		1098.331		989.026
7		0		1007.406		1107.292
8		0		1139.832		851.211
9		0		1228.393		842.849
-1		0		1388.684		1221.312
>>> Logging PEV information for timestep 310.
ID		Status		X		Y
0		0		1320.92		1009.853
1		0		1249.936		1000.357
2		0		1380.031		1360.59
3		0		1535.592		1291.092
5		0		1574.51		1056.574
6		0		1218.531		999.588
7		0		1152.31		1146.834
8		0		968.598		1186.271
9		0		1390.266		1195.855
-1		0		1509.38		1278.641
>>> Logging PEV information for timestep 320.
ID		Status		X		Y
0		0		1259.129		926.135
1		0		1112.949		990.908
2		0		1389.475		1208.584
3		0		1483.168		1266.191
5		0		1623.483		1201.94
6		0		1363.511		1015.551
7		0		1290.976		1182.684
8		0		1001.13		1312.886
9		0		1263.812		1177.261
-1		0		1621.698		1239.684
>>> Logging PEV information for timestep 330.
ID		Status		X		Y
0		0		1390.659		1180.473
1		0		966.331		964.71
2		0		1517.249		1160.54
3		0		1390.659		1180.473
5		0		1545.616		1311.989
6		0		1054.476		983.381
7		0		1036.283		1115.172
8		0		1145.265		1352.698
9		0		1108.772		1134.953
-1		0		1597.529		1131.592
>>> Logging PEV information for timestep 340.
ID		Status		X		Y
0		0		1405.505		1028.501
1		0		907.423		1081.803
2		0		916.364		1282.247
3		0		1405.505		1028.501
5		0		1548.698		1297.317
6		0		1202.828		999.203
7		0		1181.335		1154.754
8		0		1289.181		1381.119
9		0		1064.607		1230.448
-1		0		1462.634		1178.487
>>> Logging PEV information for timestep 350.
ID		Status		X		Y
0		0		1278.33		1004.156
1		0		856.838		1227.234
2		0		969.37		1215.733
3		0		1278.33		1004.156
5		0		1585.198		1268.501
6		0		1349.314		1013.652
7		0		1319.345		1186.448
8		0		1430.167		1378.436
9		0		1347.713		1190.211
-1		0		1333.529		1188.329
>>> Logging PEV information for timestep 360.
ID		Status		X		Y
0		0		1127.568		992.789
1		0		1252.595		985.037
2		0		1015.851		1317.269
3		0		1530.208		1385.345
5		0		1456.956		1253.741
6		0		1490.912		1007.726
7		0		1443.85		1247.515
8		0		1456.956		1253.741
9		0		1408.415		1077.036
-1		0		1224.873		1166.635
>>> Logging PEV information for timestep 370.
ID		Status		X		Y
0		0		1390.266		1195.855
1		0		1112.949		990.908
2		0		929.37		1150.956
3		0		1496.274		1272.416
5		0		1383.877		1298.688
6		0		1521.148		1006.815
7		0		1333.529		1188.329
8		0		1391.052		1165.091
9		0		1391.052		1165.091
-1		0		1079.747		1127.033
>>> Logging PEV information for timestep 380.
ID		Status		X		Y
0		0		1391.052		1165.091
1		0		966.331		964.71
2		0		964.09		1095.472
3		0		1376.082		1193.974
5		0		1391.052		1165.091
6		0		1377.185		1014.475
7		0		1195.848		1158.715
8		0		1404.534		1012.322
9		0		1382.915		1314.164
-1		0		949.651		1091.532
>>> Logging PEV information for timestep 390.
ID		Status		X		Y
0		0		1404.534		1012.322
1		0		907.423		1081.803
2		0		1108.772		1134.953
3		0		1406.475		1044.679
5		0		1378.108		1391.54
6		0		1234.234		999.973
7		0		1052.795		1135.184
8		0		1535.592		1291.092
9		0		1304.002		1382.856
-1		0		885.716		1144.21
>>> Logging PEV information for timestep 400.
ID		Status		X		Y
0		0		1264.133		1002.256
1		0		968.598		1186.271
2		0		1250.832		1173.719
3		0		1292.527		1006.055
5		0		1434.728		1334.796
6		0		1448.85		825.247
7		0		1036.283		1115.172
8		0		1456.956		1253.741
9		0		1409.385		1093.215
-1		0		874.873		1265.844
>>> Logging PEV information for timestep 410.
ID		Status		X		Y
0		0		1389.475		1208.584
1		0		1001.13		1312.886
2		0		1390.659		1180.473
3		0		1260.344		897.874
5		0		1389.475		1208.584
6		0		1302.192		836.317
7		0		911.113		1066.388
8		0		1333.529		1188.329
9		0		1402.476		1227.863
-1		0		1015.851		1317.269
>>> Logging PEV information for timestep 420.
ID		Status		X		Y
0		0		1436.248		1320.249
1		0		1066.055		1245.356
2		0		1405.505		1028.501
3		0		1184.112		847.03
5		0		1389.475		1208.584
6		0		1154.592		849.817
7		0		1063.16		1215.54
8		0		1195.848		1158.715
9		0		1305.16		1184.566
-1		0		1145.265		1352.698
>>> Logging PEV information for timestep 430.
ID		Status		X		Y
0		0		1402.476		1227.863
1		0		1094.26		1130.993
2		0		1442.33		1262.062
3		0		1021.75		862.36
5		0		1407.445		1060.858
6		0		1006.99		863.754
7		0		1123.285		1138.914
8		0		1052.795		1135.184
9		0		1166.822		1150.794
-1		0		1274.36		1379.382
>>> Logging PEV information for timestep 440.
ID		Status		X		Y
0		0		1409.385		1093.215
1		0		1237.853		1170.177
2		0		1428.647		1392.983
3		0		941.195		944.785
5		0		1306.724		1007.954
6		0		951.64		961.598
7		0		1263.812		1177.261
8		0		1509.38		1278.641
9		0		1021.844		1111.232
-1		0		1428.647		1392.983
>>> Logging PEV information for timestep 450.
ID		Status		X		Y
0		0		1475.794		1008.182
1		0		986.408		1308.502
2		0		1274.36		1379.382
3		0		901.791		1097.993
5		0		1259.736		912.005
6		0		1098.331		989.026
7		0		1404.74		1192.382
8		0		1437.769		1305.702
9		0		914.804		1050.974
-1		0		1443.85		1247.515
>>> Logging PEV information for timestep 460.
ID		Status		X		Y
0		0		1529.663		923.913
1		0		847.212		1254.908
2		0		1131.16		1349.119
3		0		852.025		1241.071
5		0		1255.254		969.716
6		0		1249.936		1000.357
7		0		1433.687		1185.434
8		0		1535.592		1291.092
9		0		1416.267		1234.414
-1		0		1548.698		1297.317
>>> Logging PEV information for timestep 470.
ID		Status		X		Y
0		0		1416.267		1234.414
1		0		896.16		1114.183
2		0		1456.784		1394.992
3		0		1169.352		848.423
5		0		1363.511		1015.551
6		0		1390.86		1013.399
7		0		1290.976		1182.684
8		0		1623.483		1201.94
9		0		1290.976		1182.684
-1		0		1623.483		1201.94
>>> Logging PEV information for timestep 480.
ID		Status		X		Y
0		0		1400.808		1106.08
1		0		936.949		958.487
2		0		1304.002		1382.856
3		0		1021.75		862.36
5		0		1260.344		897.874
6		0		1169.352		848.423
7		0		1570.769		1141.241
8		0		1333.529		1188.329
9		0		1152.31		1146.834
-1		0		1579.114		1071.577
>>> Logging PEV information for timestep 490.
ID		Status		X		Y
0		0		1349.314		1013.652
1		0		1083.712		987.144
2		0		1159.371		1356.277
3		0		941.195		944.785
5		0		1292.527		1006.055
6		0		1021.75		862.36
7		0		1433.687		1185.434
8		0		1195.848		1158.715
9		0		1007.406		1107.292
-1		0		1529.663		923.913
>>> Logging PEV information for timestep 500.
ID		Status		X		Y
0		0		1218.531		999.588
1		0		1234.234		999.973
2		0		1187.581		1363.435
3		0		921.317		1084.697
5		0		1431.883		1010.17
6		0		941.195		944.785
7		0		1570.769		1141.241
8		0		1050.722		1119.112
9		0		1056.941		1167.326
-1		0		1463.453		824.234
>>> Logging PEV information for timestep 510.
ID		Status		X		Y
0		0		1054.476		983.381
1		0		902.534		1276.78
2		0		1333.645		1386.33
3		0		1065.234		1123.073
5		0		1408.415		1077.036
6		0		921.317		1084.697
7		0		1433.687		1185.434
8		0		907.423		1081.803
9		0		1073.291		1319.895
-1		0		1361.612		876.907
>>> Logging PEV information for timestep 520.
ID		Status		X		Y
0		0		929.567		989.316
1		0		1045.295		1326.036
2		0		1384.838		1283.213
3		0		1210.36		1162.675
5		0		1347.713		1190.211
6		0		1065.234		1123.073
7		0		1290.976		1182.684
8		0		968.598		1186.271
9		0		1201.686		1367.014
-1		0		1259.939		869.183
>>> Logging PEV information for timestep 530.
ID		Status		X		Y
0		0		964.09		1095.472
1		0		1187.581		1363.435
2		0		1391.838		1134.328
3		0		1236.265		1301.803
5		0		1404.534		1012.322
6		0		1210.36		1162.675
7		0		1152.31		1146.834
8		0		992.967		1103.352
9		0		1036.283		1115.172
-1		0		1361.232		831.325
>>> Logging PEV information for timestep 540.
ID		Status		X		Y
0		0		1234.234		999.973
1		0		1333.645		1386.33
2		0		1045.295		1326.036
3		0		1319.345		1186.448
5		0		1391.052		1165.091
6		0		1213.108		1209.75
7		0		1007.406		1107.292
8		0		922.186		1020.145
9		0		911.113		1066.388
-1		0		1492.659		822.208
>>> Logging PEV information for timestep 550.
ID		Status		X		Y
0		0		1260.952		883.744
1		0		1484.921		1397.002
2		0		902.534		1276.78
3		0		1443.85		1247.515
5		0		1263.812		1177.261
6		0		1123.285		1138.914
7		0		890.529		1130.373
8		0		947.949		869.328
9		0		949.686		917.381
-1		0		1545.521		967.5
>>> Logging PEV information for timestep 560.
ID		Status		X		Y
0		0		1234.234		999.973
1		0		1131.16		1349.119
2		0		856.838		1227.234
3		0		1573.031		1278.106
5		0		1123.285		1138.914
6		0		1228.546		1271.119
7		0		969.756		1230.464
8		0		1095.551		855.392
9		0		1051.27		859.573
-1		0		1460.676		1008.638
>>> Logging PEV information for timestep 570.
ID		Status		X		Y
0		0		1083.712		987.144
1		0		1274.36		1379.382
2		0		957.856		1298.651
3		0		1607.911		1159.731
5		0		1054.868		1151.255
6		0		1181.335		1154.754
7		0		1045.295		1326.036
8		0		1213.632		844.242
9		0		1198.872		845.636
-1		0		1363.511		1015.551
>>> Logging PEV information for timestep 580.
ID		Status		X		Y
0		0		936.949		958.487
1		0		1380.992		1345.114
2		0		1102.949		1341.961
3		0		1560.698		1011.562
5		0		935.212		1087.592
6		0		1036.283		1115.172
7		0		1187.581		1363.435
8		0		1066.031		858.179
9		0		1346.472		832.573
-1		0		1252.595		985.037
>>> Logging PEV information for timestep 590.
ID		Status		X		Y
0		0		896.16		1114.183
1		0		1390.266		1195.855
2		0		1244.718		1375.908
3		0		1508.518		865.796
5		0		936.949		958.487
6		0		911.113		1066.388
7		0		1333.645		1386.33
8		0		1346.472		832.573
9		0		1492.659		822.208
-1		0		1259.939		869.183
>>> Logging PEV information for timestep 600.
ID		Status		X		Y
0		0		1260.952		883.744
1		0		1530.629		1155.715
2		0		1394.954		1392.021
3		0		1522.486		1284.867
5		0		1006.99		863.754
6		0		949.686		917.381
7		0		969.37		1215.733
8		0		1361.232		831.325
9		0		1545.521		967.5
-1		0		1154.592		849.817
>>> Logging PEV information for timestep 610.
ID		Status		X		Y
0		0		1249.936		1000.357
1		0		1574.51		1056.574
2		0		876.09		1171.885
3		0		1388.684		1221.312
5		0		1154.592		849.817
6		0		1036.51		860.966
7		0		1030.573		1321.653
8		0		1492.659		822.208
9		0		1431.883		1010.17
-1		0		1006.99		863.754
>>> Logging PEV information for timestep 620.
ID		Status		X		Y
0		0		1098.331		989.026
1		0		1460.676		1008.638
2		0		902.534		1276.78
3		0		1263.812		1177.261
5		0		1071.844		1304.987
6		0		949.686		917.381
7		0		1063.16		1215.54
8		0		1545.521		967.5
9		0		1391.838		1134.328
-1		0		941.195		944.785
>>> Logging PEV information for timestep 630.
ID		Status		X		Y
0		0		951.64		961.598
1		0		1607.911		1159.731
2		0		1045.295		1326.036
3		0		1228.546		1271.119
5		0		1187.581		1363.435
6		0		911.113		1066.388
7		0		1123.285		1138.914
8		0		1431.883		1010.17
9		0		1443.85		1247.515
-1		0		1054.476		983.381
>>> Logging PEV information for timestep 640.
ID		Status		X		Y
0		0		907.423		1081.803
1		0		1573.031		1278.106
2		0		1187.581		1363.435
3		0		1210.36		1162.675
5		0		1333.645		1386.33
6		0		861.651		1213.396
7		0		1263.812		1177.261
8		0		1391.838		1134.328
9		0		1275.332		882.767
-1		0		1171.423		998.434
>>> Logging PEV information for timestep 650.
ID		Status		X		Y
0		0		951.64		961.598
1		0		1542.534		1326.66
2		0		1224.686		1255.777
3		0		1065.234		1123.073
5		0		1430.167		1378.436
6		0		1258.926		854.622
7		0		1173.476		1359.856
8		0		1404.74		1192.382
9		0		1264.133		1002.256
-1		0		1306.724		1007.954
>>> Logging PEV information for timestep 660.
ID		Status		X		Y
0		0		1098.331		989.026
1		0		1628.674		1216.009
2		0		1276.792		1180.803
3		0		1213.108		1209.75
5		0		1430.059		1240.964
6		0		1249.936		1000.357
7		0		1318.824		1384.593
8		0		1409.385		1093.215
9		0		1404.534		1012.322
-1		0		1418.209		1011.246
>>> Logging PEV information for timestep 670.
ID		Status		X		Y
0		0		1249.936		1000.357
1		0		1579.114		1071.577
2		0		1391.445		1149.71
3		0		1137.797		1142.874
5		0		1462.634		1178.487
6		0		1390.86		1013.399
7		0		1383.877		1298.688
8		0		1335.117		1011.753
9		0		1391.052		1165.091
-1		0		1538.621		1001.687
>>> Logging PEV information for timestep 680.
ID		Status		X		Y
0		0		1390.86		1013.399
1		0		1539.453		1341.331
2		0		1418.209		1011.246
3		0		992.967		1103.352
5		0		1536.371		1356.003
6		0		1391.445		1149.71
7		0		1433.687		1185.434
8		0		1258.521		940.265
9		0		1382.915		1314.164
-1		0		1513.804		880.325
>>> Logging PEV information for timestep 690.
ID		Status		X		Y
0		0		1538.621		1001.687
1		0		1456.956		1253.741
2		0		1550.808		982.03
3		0		1079.747		1127.033
5		0		1470.062		1259.966
6		0		1276.792		1180.803
7		0		1544.009		1150.89
8		0		1213.632		844.242
9		0		1304.002		1382.856
-1		0		1419.644		827.273
>>> Logging PEV information for timestep 700.
ID		Status		X		Y
0		0		907.423		1081.803
1		0		1333.529		1188.329
2		0		1304.002		1382.856
3		0		1224.873		1166.635
5		0		1347.713		1190.211
6		0		1137.797		1142.874
7		0		1404.74		1192.382
8		0		1066.031		858.179
9		0		1159.371		1356.277
-1		0		1272.673		838.813
>>> Logging PEV information for timestep 710.
ID		Status		X		Y
0		0		951.64		961.598
1		0		1195.848		1158.715
2		0		1382.915		1314.164
3		0		1361.897		1192.092
5		0		1210.36		1162.675
6		0		992.967		1103.352
7		0		1263.812		1177.261
8		0		949.107		901.364
9		0		1382.915		1314.164
-1		0		1139.832		851.211
>>> Logging PEV information for timestep 720.
ID		Status		X		Y
0		0		901.791		1097.993
1		0		1052.795		1135.184
2		0		1391.052		1165.091
3		0		1407.445		1060.858
5		0		1065.234		1123.073
6		0		922.186		1020.145
7		0		1123.285		1138.914
8		0		1259.736		912.005
9		0		1419.213		1188.908
-1		0		992.23		865.147
>>> Logging PEV information for timestep 730.
ID		Status		X		Y
0		0		852.025		1241.071
1		0		1319.345		1186.448
2		0		1404.534		1012.322
3		0		1021.844		1111.232
5		0		921.317		1084.697
6		0		947.949		869.328
7		0		1063.16		1215.54
8		0		1306.724		1007.954
9		0		1557.389		1146.066
-1		0		936.949		958.487
>>> Logging PEV information for timestep 740.
ID		Status		X		Y
0		0		971.686		1304.119
1		0		1210.36		1162.675
2		0		1556.094		996.559
3		0		896.16		1114.183
5		0		1195.848		1158.715
6		0		1195.848		1158.715
7		0		1633.864		1230.079
8		0		1407.445		1060.858
9		0		1477.108		1175.013
-1		0		1054.476		983.381
>>> Logging PEV information for timestep 750.
ID		Status		X		Y
0		0		1117.055		1345.54
1		0		1347.713		1190.211
2		0		1431.883		1010.17
3		0		964.09		1095.472
5		0		1305.16		1184.566
6		0		1050.722		1119.112
7		0		1545.616		1311.989
8		0		1361.897		1192.092
9		0		1333.529		1188.329
-1		0		1187.126		998.819
>>> Logging PEV information for timestep 760.
ID		Status		X		Y
0		0		1259.539		1377.645
1		0		1490.488		1170.189
2		0		1391.838		1134.328
3		0		1108.772		1134.953
5		0		1392.231		1118.946
6		0		907.423		1081.803
7		0		1430.059		1240.964
8		0		1224.873		1166.635
9		0		1195.848		1158.715
-1		0		1258.521		940.265
>>> Logging PEV information for timestep 770.
ID		Status		X		Y
0		0		1411.801		1392.502
1		0		1389.475		1208.584
2		0		1569.906		1041.57
3		0		1250.832		1173.719
5		0		1445.558		1009.094
6		0		856.838		1227.234
7		0		1392.231		1118.946
8		0		1079.747		1127.033
9		0		1052.795		1135.184
-1		0		1243.153		841.455
>>> Logging PEV information for timestep 780.
ID		Status		X		Y
0		0		902.534		1276.78
1		0		1436.248		1320.249
2		0		1618.292		1187.87
3		0		1389.475		1208.584
5		0		1540.235		952.971
6		0		957.856		1298.651
7		0		1527.126		1400.017
8		0		935.212		1087.592
9		0		1477.108		1175.013
-1		0		1095.551		855.392
>>> Logging PEV information for timestep 790.
ID		Status		X		Y
0		0		969.756		1230.464
1		0		1544.009		1150.89
2		0		1548.698		1297.317
3		0		929.37		1150.956
5		0		1478.056		823.221
6		0		1102.949		1341.961
7		0		1509.38		1278.641
8		0		1224.873		1166.635
9		0		1391.838		1134.328
-1		0		947.949		869.328
>>> Logging PEV information for timestep 800.
ID		Status		X		Y
0		0		885.716		1144.21
1		0		1404.74		1192.382
2		0		1484.921		1397.002
3		0		914.804		1050.974
5		0		1331.712		833.821
6		0		914.804		1050.974
7		0		1387.723		1236.787
8		0		1250.832		1173.719
9		0		1377.185		1014.475
-1		0		929.567		989.316
>>> Logging PEV information for timestep 810.
ID		Status		X		Y
0		0		890.529		1130.373
1		0		1483.168		1266.191
2		0		1333.645		1386.33
3		0		949.107		901.364
5		0		1184.112		847.03
6		0		949.107		901.364
7		0		1290.976		1182.684
8		0		1250.832		1173.719
9		0		1252.595		985.037
-1		0		890.529		1130.373
>>> Logging PEV information for timestep 820.
ID		Status		X		Y
0		0		914.804		1050.974
1		0		1533.289		1370.674
2		0		1187.581		1363.435
3		0		1066.031		858.179
5		0		1036.51		860.966
6		0		1066.031		858.179
7		0		1220.827		1240.434
8		0		1108.772		1134.953
9		0		1292.527		1006.055
-1		0		968.984		1201.002
>>> Logging PEV information for timestep 830.
ID		Status		X		Y
0		0		981.021		967.822
1		0		1411.801		1392.502
2		0		1045.295		1326.036
3		0		947.949		869.328
5		0		945.44		931.083
6		0		1213.632		844.242
7		0		1244.718		1375.908
8		0		1391.445		1149.71
9		0		1406.475		1044.679
-1		0		930.195		1287.715
>>> Logging PEV information for timestep 840.
ID		Status		X		Y
0		0		1127.568		992.789
1		0		1259.539		1377.645
2		0		902.534		1276.78
3		0		1010.403		974.046
5		0		907.423		1081.803
6		0		901.791		1097.993
7		0		1220.827		1240.434
8		0		1390.86		1013.399
9		0		1376.082		1193.974
-1		0		866.464		1199.559
>>> Logging PEV information for timestep 850.
ID		Status		X		Y
0		0		1278.33		1004.156
1		0		1117.055		1345.54
2		0		1527.126		1400.017
3		0		1228.393		842.849
5		0		1419.644		827.273
6		0		951.64		961.598
7		0		1237.853		1170.177
8		0		1249.936		1000.357
9		0		1380.992		1345.114
-1		0		911.113		1066.388
>>> Logging PEV information for timestep 860.
ID		Status		X		Y
0		0		941.195		944.785
1		0		971.686		1304.119
2		0		1378.108		1391.54
3		0		1375.835		830.312
5		0		1519.09		894.854
6		0		1098.331		989.026
7		0		1210.36		1162.675
8		0		1258.926		854.622
9		0		1252.595		985.037
-1		0		945.44		931.083
>>> Logging PEV information for timestep 870.
ID		Status		X		Y
0		0		901.791		1097.993
1		0		1536.371		1356.003
2		0		1229.897		1374.172
3		0		1503.232		851.267
5		0		1569.906		1041.57
6		0		1249.936		1000.357
7		0		1290.976		1182.684
8		0		1125.071		852.604
9		0		1377.185		1014.475
-1		0		1006.99		863.754
>>> Logging PEV information for timestep 880.
ID		Status		X		Y
0		0		890.529		1130.373
1		0		1470.062		1259.966
2		0		1102.949		1341.961
3		0		1556.094		996.559
5		0		1618.292		1187.87
6		0		1390.86		1013.399
7		0		1391.838		1134.328
8		0		1154.592		849.817
9		0		1391.838		1134.328
-1		0		1154.592		849.817
>>> Logging PEV information for timestep 890.
ID		Status		X		Y
0		0		1007.406		1107.292
1		0		1391.052		1165.091
2		0		970.914		1274.657
3		0		1584.149		1136.417
5		0		1548.698		1297.317
6		0		1392.231		1118.946
7		0		1431.883		1010.17
8		0		1006.99		863.754
9		0		1443.85		1247.515
-1		0		1302.192		836.317
>>> Logging PEV information for timestep 900.
ID		Status		X		Y
0		0		1152.31		1146.834
1		0		1404.534		1012.322
2		0		929.37		1150.956
3		0		1448.161		1181.961
5		0		1498.989		1398.007
6		0		1430.059		1240.964
7		0		1545.521		967.5
8		0		936.949		958.487
9		0		1548.698		1297.317
-1		0		1434.247		826.26
>>> Logging PEV information for timestep 910.
ID		Status		X		Y
0		0		1290.976		1182.684
1		0		1264.133		1002.256
2		0		1064.607		1230.448
3		0		1384.838		1283.213
5		0		1333.645		1386.33
6		0		1545.616		1311.989
7		0		1492.659		822.208
8		0		896.16		1114.183
9		0		1416.267		1234.414
-1		0		1524.377		909.384
>>> Logging PEV information for timestep 920.
ID		Status		X		Y
0		0		1416.267		1234.414
1		0		1259.939		869.183
2		0		1007.406		1107.292
3		0		1333.645		1386.33
5		0		1187.581		1363.435
6		0		1460.676		1008.638
7		0		1492.659		822.208
8		0		847.212		1254.908
9		0		1400.808		1106.08
-1		0		1521.148		1006.815
>>> Logging PEV information for timestep 930.
ID		Status		X		Y
0		0		896.16		1114.183
1		0		1139.832		851.211
2		0		918.495		1035.559
3		0		1187.581		1363.435
5		0		1071.844		1304.987
6		0		1574.51		1056.574
7		0		1540.235		952.971
8		0		986.408		1308.502
9		0		1349.314		1013.652
-1		0		1404.534		1012.322
>>> Logging PEV information for timestep 940.
ID		Status		X		Y
0		0		936.949		958.487
1		0		1080.791		856.785
2		0		1010.403		974.046
3		0		1045.295		1326.036
5		0		1539.453		1341.331
6		0		1623.483		1201.94
7		0		1445.558		1009.094
8		0		1131.16		1349.119
9		0		1257.913		954.396
-1		0		1391.838		1134.328
>>> Logging PEV information for timestep 950.
ID		Status		X		Y
0		0		1006.99		863.754
1		0		1228.393		842.849
2		0		1156.805		996.552
3		0		1460.676		1008.638
5		0		1633.864		1230.079
6		0		1545.616		1311.989
7		0		1306.724		1007.954
8		0		914.804		1050.974
9		0		1527.126		1400.017
-1		0		1319.345		1186.448
>>> Logging PEV information for timestep 960.
ID		Status		X		Y
0		0		1154.592		849.817
1		0		1257.913		954.396
2		0		1258.521		940.265
3		0		1335.117		1011.753
5		0		1583.718		1086.581
6		0		1470.852		1395.997
7		0		1156.805		996.552
8		0		995.712		970.934
9		0		1509.38		1278.641
-1		0		1210.36		1162.675
>>> Logging PEV information for timestep 970.
ID		Status		X		Y
0		0		1302.192		836.317
1		0		1349.314		1013.652
2		0		1258.521		940.265
3		0		1408.415		1077.036
5		0		1534.949		938.442
6		0		1318.824		1384.593
7		0		1010.403		974.046
8		0		1142.186		994.671
9		0		1389.475		1208.584
-1		0		1065.234		1123.073
>>> Logging PEV information for timestep 980.
ID		Status		X		Y
0		0		1448.85		825.247
1		0		1400.808		1106.08
2		0		1156.805		996.552
3		0		1388.684		1221.312
5		0		1463.453		824.234
6		0		1173.476		1359.856
7		0		918.495		1035.559
8		0		1292.527		1006.055
9		0		1250.832		1173.719
-1		0		1064.607		1230.448
>>> Logging PEV information for timestep 990.
ID		Status		X		Y
0		0		1361.232		831.325
1		0		1416.267		1234.414
2		0		1010.403		974.046
3		0		1258.521		940.265
5		0		1316.952		835.069
6		0		1030.573		1321.653
7		0		1264.133		1002.256
8		0		1431.883		1010.17
9		0		1108.772		1134.953
-1		0		1045.295		1326.036
>>> Logging PEV information for timestep 1000.
ID		Status		X		Y
0		0		1213.632		844.242
1		0		1431.688		1363.889
2		0		918.495		1035.559
3		0		1213.632		844.242
5		0		1169.352		848.423
6		0		1560.864		1287.712
7		0		1260.344		897.874
8		0		1431.883		1010.17
9		0		964.09		1095.472
-1		0		970.142		1245.195
